 Fermi (or HOMO) energy (hartree) =   0.24403   Average Vxc (hartree)=  -0.37890
 Eigenvalues (hartree) for nkpt=   1  k points, SPIN UP:
 kpt#   1, nband=180, wtk=  1.00000, kpt=  0.0000  0.0000  0.0000 (reduced coord)
  -1.40468   -1.40453   -1.40451   -1.40376   -1.40372   -1.40369   -1.40365   -1.40353
  -1.40350   -1.40345   -1.40313   -1.40310   -1.21081   -1.03306   -1.03154   -1.02856
  -1.02855   -1.02854   -0.47190   -0.46953   -0.46127   -0.45314   -0.45212   -0.45191
  -0.45171   -0.45096   -0.45007   -0.44849   -0.44815   -0.44669   -0.44637   -0.42708
  -0.41962   -0.39686   -0.39107   -0.38614   -0.38539   -0.38501   -0.38043   -0.38041
  -0.38036   -0.36648   -0.36641   -0.36640   -0.36160   -0.36017   -0.35962   -0.35098
  -0.34162   -0.31272   -0.31191   -0.30057   -0.29952   -0.29717   -0.29671   -0.29669
  -0.29561   -0.29448   -0.28658   -0.28580   -0.00494    0.01117    0.01155    0.02148
   0.02174    0.02193    0.02207    0.03070    0.03147    0.03201    0.03218    0.03893
   0.03917    0.04900    0.05824    0.07268    0.07317    0.07344    0.07351    0.07378
   0.07398    0.07788    0.07800    0.07840    0.08700    0.09152    0.09230    0.09293
   0.09305    0.09712    0.09756    0.09789    0.09797    0.11168    0.11215    0.11780
   0.11804    0.11831    0.11874    0.11883    0.12170    0.12216    0.12392    0.12410
   0.13144    0.13197    0.13697    0.14029    0.14216    0.14224    0.14232    0.14232
   0.14280    0.14330    0.14368    0.14400    0.15092    0.15243    0.15572    0.15595
   0.15732    0.15955    0.16298    0.16354    0.16380    0.16385    0.16980    0.17980
   0.18088    0.18203    0.18491    0.18572    0.23644    0.23692    0.23723    0.23748
   0.23798    0.23865    0.24403    0.30889    0.32076    0.32473    0.34710    0.35040
   0.35936    0.37578    0.38130    0.39701    0.39870    0.40199    0.41514    0.41574
   0.41689    0.41837    0.42201    0.42276    0.42362    0.42507    0.42769    0.42848
   0.43145    0.43757    0.43893    0.44441    0.44767    0.44831    0.44873    0.44910
   0.45125    0.45816    0.46189    0.46241    0.46335    0.46371    0.48371    0.49206
   0.49570    0.50210    0.50379    0.50448
 Eigenvalues (hartree) for nkpt=   1  k points, SPIN DOWN:
 kpt#   1, nband=180, wtk=  1.00000, kpt=  0.0000  0.0000  0.0000 (reduced coord)
  -1.40467   -1.40454   -1.40451   -1.40376   -1.40372   -1.40368   -1.40365   -1.40354
  -1.40351   -1.40345   -1.40313   -1.40311   -1.09762   -1.03306   -1.03143   -1.02855
  -1.02854   -1.02848   -0.46093   -0.46057   -0.45332   -0.45313   -0.45108   -0.45098
  -0.45013   -0.44884   -0.44839   -0.44820   -0.44816   -0.44677   -0.39709   -0.39565
  -0.38603   -0.38547   -0.38492   -0.38079   -0.38042   -0.38041   -0.38040   -0.37294
  -0.36646   -0.36639   -0.36635   -0.36261   -0.35953   -0.35098   -0.34949   -0.34379
  -0.34167   -0.31190   -0.31125   -0.29955   -0.29748   -0.29671   -0.29668   -0.29609
  -0.29448   -0.29137   -0.28584   -0.28507   -0.00470    0.01161    0.01169    0.02173
   0.02203    0.02203    0.02286    0.03158    0.03166    0.03213    0.03251    0.03924
   0.03947    0.04919    0.05835    0.07312    0.07349    0.07381    0.07418    0.07439
   0.07441    0.07811    0.07834    0.07909    0.08751    0.09198    0.09231    0.09348
   0.09367    0.09754    0.09786    0.09791    0.09844    0.11219    0.11241    0.11821
   0.11846    0.11876    0.11886    0.11973    0.12223    0.12282    0.12397    0.12411
   0.13200    0.13270    0.13697    0.14083    0.14233    0.14249    0.14295    0.14334
   0.14352    0.14406    0.14414    0.14458    0.15231    0.15247    0.15576    0.15598
   0.15778    0.15968    0.16344    0.16371    0.16381    0.16399    0.17060    0.18102
   0.18149    0.18492    0.18503    0.18606    0.31571    0.32204    0.32794    0.35224
   0.35891    0.35926    0.38114    0.38118    0.39797    0.39801    0.40554    0.41612
   0.41734    0.41836    0.42162    0.42314    0.42686    0.42777    0.42783    0.42794
   0.43154    0.43166    0.44234    0.44834    0.44838    0.44863    0.44885    0.44948
   0.44955    0.45519    0.46235    0.46298    0.46299    0.46455    0.46498    0.49205
   0.49396    0.50352    0.50449    0.50488    0.50494    0.50578    0.50641    0.50786
   0.51326    0.51524    0.52465    0.52492
