
 **** DERIVATIVE DATABASE ****    
+DDB, Version number  20230401

  Note : temporary (transfer) database

    usepaw         1
     natom        54
      nkpt         1
    nsppol         2
      nsym         4
    ntypat         6
    occopt         2
     nband       180
     acell  0.10000000000000D+01  0.10000000000000D+01  0.10000000000000D+01
       amu  0.15196500000000D+03  0.87620000000000D+02  0.69410000000000D+01
            0.26981539000000D+02  0.14006740000000D+02  0.15999400000000D+02
   dilatmx  0.11500000000000D+01
      ecut  0.10000000000000D+02
 pawecutdg  0.20000000000000D+02
    ecutsm  0.50000000000000D+00
     intxc         0
      iscf        17
       ixc   -101130
       kpt  0.00000000000000D+00  0.00000000000000D+00  0.00000000000000D+00
    kptnrm  0.10000000000000D+01
     ngfft        50   54   60
    nspden         2
   nspinor         1
       occ  0.10000000000000D+01  0.10000000000000D+01  0.10000000000000D+01
            0.10000000000000D+01  0.10000000000000D+01  0.10000000000000D+01
            0.10000000000000D+01  0.10000000000000D+01  0.10000000000000D+01
            0.10000000000000D+01  0.10000000000000D+01  0.10000000000000D+01
            0.10000000000000D+01  0.10000000000000D+01  0.10000000000000D+01
            0.10000000000000D+01  0.10000000000000D+01  0.10000000000000D+01
            0.10000000000000D+01  0.10000000000000D+01  0.10000000000000D+01
            0.10000000000000D+01  0.10000000000000D+01  0.10000000000000D+01
            0.10000000000000D+01  0.10000000000000D+01  0.10000000000000D+01
            0.10000000000000D+01  0.10000000000000D+01  0.10000000000000D+01
            0.10000000000000D+01  0.10000000000000D+01  0.10000000000000D+01
            0.10000000000000D+01  0.10000000000000D+01  0.10000000000000D+01
            0.10000000000000D+01  0.10000000000000D+01  0.10000000000000D+01
            0.10000000000000D+01  0.10000000000000D+01  0.10000000000000D+01
            0.10000000000000D+01  0.10000000000000D+01  0.10000000000000D+01
            0.10000000000000D+01  0.10000000000000D+01  0.10000000000000D+01
            0.10000000000000D+01  0.10000000000000D+01  0.10000000000000D+01
            0.10000000000000D+01  0.10000000000000D+01  0.10000000000000D+01
            0.10000000000000D+01  0.10000000000000D+01  0.10000000000000D+01
            0.10000000000000D+01  0.10000000000000D+01  0.10000000000000D+01
            0.10000000000000D+01  0.10000000000000D+01  0.10000000000000D+01
            0.10000000000000D+01  0.10000000000000D+01  0.10000000000000D+01
            0.10000000000000D+01  0.10000000000000D+01  0.10000000000000D+01
            0.10000000000000D+01  0.10000000000000D+01  0.10000000000000D+01
            0.10000000000000D+01  0.10000000000000D+01  0.10000000000000D+01
            0.10000000000000D+01  0.10000000000000D+01  0.10000000000000D+01
            0.10000000000000D+01  0.10000000000000D+01  0.10000000000000D+01
            0.10000000000000D+01  0.10000000000000D+01  0.10000000000000D+01
            0.10000000000000D+01  0.10000000000000D+01  0.10000000000000D+01
            0.10000000000000D+01  0.10000000000000D+01  0.10000000000000D+01
            0.10000000000000D+01  0.10000000000000D+01  0.10000000000000D+01
            0.10000000000000D+01  0.10000000000000D+01  0.10000000000000D+01
            0.10000000000000D+01  0.10000000000000D+01  0.10000000000000D+01
            0.10000000000000D+01  0.10000000000000D+01  0.10000000000000D+01
            0.10000000000000D+01  0.10000000000000D+01  0.10000000000000D+01
            0.10000000000000D+01  0.10000000000000D+01  0.10000000000000D+01
            0.10000000000000D+01  0.10000000000000D+01  0.10000000000000D+01
            0.10000000000000D+01  0.10000000000000D+01  0.10000000000000D+01
            0.10000000000000D+01  0.10000000000000D+01  0.10000000000000D+01
            0.10000000000000D+01  0.10000000000000D+01  0.10000000000000D+01
            0.10000000000000D+01  0.10000000000000D+01  0.10000000000000D+01
            0.10000000000000D+01  0.10000000000000D+01  0.10000000000000D+01
            0.10000000000000D+01  0.10000000000000D+01  0.10000000000000D+01
            0.10000000000000D+01  0.10000000000000D+01  0.10000000000000D+01
            0.10000000000000D+01  0.10000000000000D+01  0.10000000000000D+01
            0.10000000000000D+01  0.10000000000000D+01  0.10000000000000D+01
            0.10000000000000D+01  0.00000000000000D+00  0.00000000000000D+00
            0.00000000000000D+00  0.00000000000000D+00  0.00000000000000D+00
            0.00000000000000D+00  0.00000000000000D+00  0.00000000000000D+00
            0.00000000000000D+00  0.00000000000000D+00  0.00000000000000D+00
            0.00000000000000D+00  0.00000000000000D+00  0.00000000000000D+00
            0.00000000000000D+00  0.00000000000000D+00  0.00000000000000D+00
            0.00000000000000D+00  0.00000000000000D+00  0.00000000000000D+00
            0.00000000000000D+00  0.00000000000000D+00  0.00000000000000D+00
            0.00000000000000D+00  0.00000000000000D+00  0.00000000000000D+00
            0.00000000000000D+00  0.00000000000000D+00  0.00000000000000D+00
            0.00000000000000D+00  0.00000000000000D+00  0.00000000000000D+00
            0.00000000000000D+00  0.00000000000000D+00  0.00000000000000D+00
            0.00000000000000D+00  0.00000000000000D+00  0.00000000000000D+00
            0.00000000000000D+00  0.00000000000000D+00  0.00000000000000D+00
     rprim  0.15126976001700D+02  0.00000000000000D+00  0.00000000000000D+00
            0.00000000000000D+00  0.15126976001700D+02  0.00000000000000D+00
            0.00000000000000D+00  0.00000000000000D+00  0.18140973330300D+02
  dfpt_sciss  0.00000000000000D+00
    spinat  0.00000000000000D+00  0.00000000000000D+00  0.70000000000000D+01
            0.00000000000000D+00  0.00000000000000D+00  0.00000000000000D+00
            0.00000000000000D+00  0.00000000000000D+00  0.00000000000000D+00
            0.00000000000000D+00  0.00000000000000D+00  0.00000000000000D+00
            0.00000000000000D+00  0.00000000000000D+00  0.00000000000000D+00
            0.00000000000000D+00  0.00000000000000D+00  0.00000000000000D+00
            0.00000000000000D+00  0.00000000000000D+00  0.00000000000000D+00
            0.00000000000000D+00  0.00000000000000D+00  0.00000000000000D+00
            0.00000000000000D+00  0.00000000000000D+00  0.00000000000000D+00
            0.00000000000000D+00  0.00000000000000D+00  0.00000000000000D+00
            0.00000000000000D+00  0.00000000000000D+00  0.00000000000000D+00
            0.00000000000000D+00  0.00000000000000D+00  0.00000000000000D+00
            0.00000000000000D+00  0.00000000000000D+00  0.00000000000000D+00
            0.00000000000000D+00  0.00000000000000D+00  0.00000000000000D+00
            0.00000000000000D+00  0.00000000000000D+00  0.00000000000000D+00
            0.00000000000000D+00  0.00000000000000D+00  0.00000000000000D+00
            0.00000000000000D+00  0.00000000000000D+00  0.00000000000000D+00
            0.00000000000000D+00  0.00000000000000D+00  0.00000000000000D+00
            0.00000000000000D+00  0.00000000000000D+00  0.00000000000000D+00
            0.00000000000000D+00  0.00000000000000D+00  0.00000000000000D+00
            0.00000000000000D+00  0.00000000000000D+00  0.00000000000000D+00
            0.00000000000000D+00  0.00000000000000D+00  0.00000000000000D+00
            0.00000000000000D+00  0.00000000000000D+00  0.00000000000000D+00
            0.00000000000000D+00  0.00000000000000D+00  0.00000000000000D+00
            0.00000000000000D+00  0.00000000000000D+00  0.00000000000000D+00
            0.00000000000000D+00  0.00000000000000D+00  0.00000000000000D+00
            0.00000000000000D+00  0.00000000000000D+00  0.00000000000000D+00
            0.00000000000000D+00  0.00000000000000D+00  0.00000000000000D+00
            0.00000000000000D+00  0.00000000000000D+00  0.00000000000000D+00
            0.00000000000000D+00  0.00000000000000D+00  0.00000000000000D+00
            0.00000000000000D+00  0.00000000000000D+00  0.00000000000000D+00
            0.00000000000000D+00  0.00000000000000D+00  0.00000000000000D+00
            0.00000000000000D+00  0.00000000000000D+00  0.00000000000000D+00
            0.00000000000000D+00  0.00000000000000D+00  0.00000000000000D+00
            0.00000000000000D+00  0.00000000000000D+00  0.00000000000000D+00
            0.00000000000000D+00  0.00000000000000D+00  0.00000000000000D+00
            0.00000000000000D+00  0.00000000000000D+00  0.00000000000000D+00
            0.00000000000000D+00  0.00000000000000D+00  0.00000000000000D+00
            0.00000000000000D+00  0.00000000000000D+00  0.00000000000000D+00
            0.00000000000000D+00  0.00000000000000D+00  0.00000000000000D+00
            0.00000000000000D+00  0.00000000000000D+00  0.00000000000000D+00
            0.00000000000000D+00  0.00000000000000D+00  0.00000000000000D+00
            0.00000000000000D+00  0.00000000000000D+00  0.00000000000000D+00
            0.00000000000000D+00  0.00000000000000D+00  0.00000000000000D+00
            0.00000000000000D+00  0.00000000000000D+00  0.00000000000000D+00
            0.00000000000000D+00  0.00000000000000D+00  0.00000000000000D+00
            0.00000000000000D+00  0.00000000000000D+00  0.00000000000000D+00
            0.00000000000000D+00  0.00000000000000D+00  0.00000000000000D+00
            0.00000000000000D+00  0.00000000000000D+00  0.00000000000000D+00
            0.00000000000000D+00  0.00000000000000D+00  0.00000000000000D+00
            0.00000000000000D+00  0.00000000000000D+00  0.00000000000000D+00
            0.00000000000000D+00  0.00000000000000D+00  0.00000000000000D+00
            0.00000000000000D+00  0.00000000000000D+00  0.00000000000000D+00
            0.00000000000000D+00  0.00000000000000D+00  0.00000000000000D+00
    symafm         1    1    1    1
    symrel         1    0    0    0    1    0    0    0    1
                  -1    0    0    0   -1    0    0    0   -1
                  -1    0    0    0   -1    0    0    0    1
                   1    0    0    0    1    0    0    0   -1
     tnons  0.00000000000000D+00  0.00000000000000D+00  0.00000000000000D+00
           -0.22204460492503D-15  0.00000000000000D+00  0.33333333340000D+00
           -0.22204460492503D-15  0.00000000000000D+00  0.00000000000000D+00
            0.00000000000000D+00  0.00000000000000D+00  0.33333333340000D+00
    tolwfr  0.10000000000000D+01
   tphysel  0.00000000000000D+00
    tsmear  0.10000000000000D-01
     typat         1    2    2    2    2    2    3    3    3    3    3    3
                   3    3    3    3    3    3    4    4    4    4    4    4
                   4    4    4    4    4    4    5    5    5    5    5    5
                   5    5    5    5    5    5    6    6    6    6    6    6
                   6    6    6    6    6    6
       wtk  0.10000000000000D+01
      xred  0.50000000000000D+00  0.41961550041830D-22  0.16666666670000D+00
            0.50000000000000D+00  0.41961550045087D-22  0.50003145298674D+00
            0.50000000000000D+00  0.41961550033678D-22  0.83330188041326D+00
           -0.11130196213103D-15  0.50000000000000D+00  0.10522699061749D-04
           -0.11130196213103D-15  0.50000000000000D+00  0.33332281070094D+00
           -0.11130196213103D-15  0.50000000000000D+00  0.66666666670000D+00
            0.12059938583786D+00  0.82925956760133D+00  0.16666666670000D+00
            0.12061888484670D+00  0.82913506214369D+00  0.50021617840847D+00
            0.12061888484670D+00  0.82913506214369D+00  0.83311715499153D+00
            0.87940061416214D+00  0.17074043239867D+00  0.16666666670000D+00
            0.87938111515330D+00  0.17086493785631D+00  0.50021617840847D+00
            0.87938111515330D+00  0.17086493785631D+00  0.83311715499153D+00
            0.17070532039735D+00  0.12077383211740D+00 -0.15432309196156D-04
            0.17070532039735D+00  0.12077383211740D+00  0.33334876570920D+00
            0.17079467063424D+00  0.12082242356567D+00  0.66666666670000D+00
            0.82929467960265D+00  0.87922616788261D+00 -0.15432309196156D-04
            0.82929467960265D+00  0.87922616788261D+00  0.33334876570920D+00
            0.82920532936576D+00  0.87917757643433D+00  0.66666666670000D+00
            0.34950242421740D+00  0.68399729293423D+00  0.45978920500880D-04
            0.34950242421740D+00  0.68399729293423D+00  0.33328735447950D+00
            0.34965923671281D+00  0.68409128747810D+00  0.66666666670000D+00
            0.65049757578260D+00  0.31600270706577D+00  0.45978920500880D-04
            0.65049757578260D+00  0.31600270706577D+00  0.33328735447950D+00
            0.65034076328719D+00  0.31590871252190D+00  0.66666666670000D+00
            0.31605282225203D+00  0.34948089267749D+00  0.16666666670000D+00
            0.31594593856432D+00  0.34979546809215D+00  0.50015888583536D+00
            0.31594593856432D+00  0.34979546809215D+00  0.83317444756464D+00
            0.68394717774796D+00  0.65051910732251D+00  0.16666666670000D+00
            0.68405406143568D+00  0.65020453190785D+00  0.50015888583536D+00
            0.68405406143568D+00  0.65020453190785D+00  0.83317444756464D+00
            0.58360244737208D+00  0.73526141552396D+00 -0.20629826042928D-03
            0.58360244737208D+00  0.73526141552396D+00  0.33353963166043D+00
            0.58365013877219D+00  0.73569921339824D+00  0.66666666670000D+00
            0.41639755262792D+00  0.26473858447604D+00 -0.20629826042928D-03
            0.41639755262792D+00  0.26473858447604D+00  0.33353963166043D+00
            0.41634986122781D+00  0.26430078660176D+00  0.66666666670000D+00
            0.26421690865585D+00  0.58356564650313D+00  0.16666666670000D+00
            0.26425517793648D+00  0.58375404650674D+00  0.50003298075992D+00
            0.26425517793648D+00  0.58375404650674D+00  0.83330035264008D+00
            0.73578309134415D+00  0.41643435349687D+00  0.16666666670000D+00
            0.73574482206352D+00  0.41624595349326D+00  0.50003298075992D+00
            0.73574482206352D+00  0.41624595349326D+00  0.83330035264008D+00
            0.24659016211584D+00  0.89025663281644D+00 -0.26667698521507D-03
            0.24659016211584D+00  0.89025663281644D+00  0.33360001038522D+00
            0.24745207461682D+00  0.89058010612812D+00  0.66666666670000D+00
            0.75340983788415D+00  0.10974336718356D+00 -0.26667698521507D-03
            0.75340983788415D+00  0.10974336718356D+00  0.33360001038522D+00
            0.75254792538318D+00  0.10941989387188D+00  0.66666666670000D+00
            0.10968036016417D+00  0.24730599426175D+00  0.16666666670000D+00
            0.10959664492730D+00  0.24749669996187D+00  0.50008290316752D+00
            0.10959664492730D+00  0.24749669996187D+00  0.83325043023248D+00
            0.89031963983583D+00  0.75269400573825D+00  0.16666666670000D+00
            0.89040335507270D+00  0.75250330003813D+00  0.50008290316752D+00
            0.89040335507270D+00  0.75250330003813D+00  0.83325043023248D+00
     znucl  0.63000000000000D+02  0.38000000000000D+02  0.30000000000000D+01
            0.13000000000000D+02  0.70000000000000D+01  0.80000000000000D+01
      zion  0.17000000000000D+02  0.10000000000000D+02  0.30000000000000D+01
            0.30000000000000D+01  0.50000000000000D+01  0.60000000000000D+01
 
 No information on the potentials yet 
 
 **** Database of total energy derivatives ****
 Number of data blocks=    2
  
 1st derivatives              - # elements :     168
   1   1  0.00000000000000D+00  0.00000000000000D+00
   2   1  0.00000000000000D+00  0.00000000000000D+00
   3   1  0.00000000000000D+00  0.00000000000000D+00
   1   2  0.00000000000000D+00  0.00000000000000D+00
   2   2  0.00000000000000D+00  0.00000000000000D+00
   3   2 -0.87524173020836D-04  0.00000000000000D+00
   1   3  0.00000000000000D+00  0.00000000000000D+00
   2   3  0.00000000000000D+00  0.00000000000000D+00
   3   3  0.87524173020836D-04  0.00000000000000D+00
   1   4  0.00000000000000D+00  0.00000000000000D+00
   2   4  0.00000000000000D+00  0.00000000000000D+00
   3   4 -0.30281864089360D-03  0.00000000000000D+00
   1   5  0.00000000000000D+00  0.00000000000000D+00
   2   5  0.00000000000000D+00  0.00000000000000D+00
   3   5  0.30281864089360D-03  0.00000000000000D+00
   1   6  0.00000000000000D+00  0.00000000000000D+00
   2   6  0.00000000000000D+00  0.00000000000000D+00
   3   6  0.00000000000000D+00  0.00000000000000D+00
   1   7 -0.38750539665819D-03  0.00000000000000D+00
   2   7  0.38610438316526D-02  0.00000000000000D+00
   3   7  0.00000000000000D+00  0.00000000000000D+00
   1   8 -0.52349287303084D-03  0.00000000000000D+00
   2   8  0.39657727555775D-02  0.00000000000000D+00
   3   8  0.40032188887369D-03  0.00000000000000D+00
   1   9 -0.52349287303084D-03  0.00000000000000D+00
   2   9  0.39657727555775D-02  0.00000000000000D+00
   3   9 -0.40032188887369D-03  0.00000000000000D+00
   1  10  0.38750539665819D-03  0.00000000000000D+00
   2  10 -0.38610438316526D-02  0.00000000000000D+00
   3  10  0.00000000000000D+00  0.00000000000000D+00
   1  11  0.52349287303084D-03  0.00000000000000D+00
   2  11 -0.39657727555775D-02  0.00000000000000D+00
   3  11  0.40032188887369D-03  0.00000000000000D+00
   1  12  0.52349287303084D-03  0.00000000000000D+00
   2  12 -0.39657727555775D-02  0.00000000000000D+00
   3  12 -0.40032188887369D-03  0.00000000000000D+00
   1  13 -0.42604120492563D-02  0.00000000000000D+00
   2  13 -0.50224568541000D-03  0.00000000000000D+00
   3  13  0.28671346711250D-04  0.00000000000000D+00
   1  14 -0.42604120492563D-02  0.00000000000000D+00
   2  14 -0.50224568541000D-03  0.00000000000000D+00
   3  14 -0.28671346711250D-04  0.00000000000000D+00
   1  15 -0.47176058733589D-02  0.00000000000000D+00
   2  15 -0.48198633979589D-03  0.00000000000000D+00
   3  15  0.00000000000000D+00  0.00000000000000D+00
   1  16  0.42604120492563D-02  0.00000000000000D+00
   2  16  0.50224568541000D-03  0.00000000000000D+00
   3  16  0.28671346711250D-04  0.00000000000000D+00
   1  17  0.42604120492563D-02  0.00000000000000D+00
   2  17  0.50224568541000D-03  0.00000000000000D+00
   3  17 -0.28671346711250D-04  0.00000000000000D+00
   1  18  0.47176058733589D-02  0.00000000000000D+00
   2  18  0.48198633979589D-03  0.00000000000000D+00
   3  18  0.00000000000000D+00  0.00000000000000D+00
   1  19 -0.42653364339112D-02  0.00000000000000D+00
   2  19 -0.10611149264213D-02  0.00000000000000D+00
   3  19 -0.42162210038120D-03  0.00000000000000D+00
   1  20 -0.42653364339112D-02  0.00000000000000D+00
   2  20 -0.10611149264213D-02  0.00000000000000D+00
   3  20  0.42162210038120D-03  0.00000000000000D+00
   1  21 -0.41874986336047D-02  0.00000000000000D+00
   2  21 -0.78757082225642D-03  0.00000000000000D+00
   3  21  0.00000000000000D+00  0.00000000000000D+00
   1  22  0.42653364339112D-02  0.00000000000000D+00
   2  22  0.10611149264213D-02  0.00000000000000D+00
   3  22 -0.42162210038120D-03  0.00000000000000D+00
   1  23  0.42653364339112D-02  0.00000000000000D+00
   2  23  0.10611149264213D-02  0.00000000000000D+00
   3  23  0.42162210038120D-03  0.00000000000000D+00
   1  24  0.41874986336047D-02  0.00000000000000D+00
   2  24  0.78757082225642D-03  0.00000000000000D+00
   3  24  0.00000000000000D+00  0.00000000000000D+00
   1  25  0.35494933335560D-03  0.00000000000000D+00
   2  25 -0.58722076167696D-02  0.00000000000000D+00
   3  25  0.00000000000000D+00  0.00000000000000D+00
   1  26  0.83138908048560D-04  0.00000000000000D+00
   2  26 -0.50193213906597D-02  0.00000000000000D+00
   3  26  0.50693217964780D-03  0.00000000000000D+00
   1  27  0.83138908048560D-04  0.00000000000000D+00
   2  27 -0.50193213906597D-02  0.00000000000000D+00
   3  27 -0.50693217964780D-03  0.00000000000000D+00
   1  28 -0.35494933335560D-03  0.00000000000000D+00
   2  28  0.58722076167696D-02  0.00000000000000D+00
   3  28  0.00000000000000D+00  0.00000000000000D+00
   1  29 -0.83138908048560D-04  0.00000000000000D+00
   2  29  0.50193213906597D-02  0.00000000000000D+00
   3  29  0.50693217964780D-03  0.00000000000000D+00
   1  30 -0.83138908048560D-04  0.00000000000000D+00
   2  30  0.50193213906597D-02  0.00000000000000D+00
   3  30 -0.50693217964780D-03  0.00000000000000D+00
   1  31  0.75819068662639D-02  0.00000000000000D+00
   2  31 -0.70582403927931D-03  0.00000000000000D+00
   3  31 -0.52409966445790D-03  0.00000000000000D+00
   1  32  0.75819068662639D-02  0.00000000000000D+00
   2  32 -0.70582403927931D-03  0.00000000000000D+00
   3  32  0.52409966445790D-03  0.00000000000000D+00
   1  33  0.79565944986223D-02  0.00000000000000D+00
   2  33 -0.12735686052006D-03  0.00000000000000D+00
   3  33  0.00000000000000D+00  0.00000000000000D+00
   1  34 -0.75819068662639D-02  0.00000000000000D+00
   2  34  0.70582403927931D-03  0.00000000000000D+00
   3  34 -0.52409966445790D-03  0.00000000000000D+00
   1  35 -0.75819068662639D-02  0.00000000000000D+00
   2  35  0.70582403927931D-03  0.00000000000000D+00
   3  35  0.52409966445790D-03  0.00000000000000D+00
   1  36 -0.79565944986223D-02  0.00000000000000D+00
   2  36  0.12735686052006D-03  0.00000000000000D+00
   3  36  0.00000000000000D+00  0.00000000000000D+00
   1  37  0.59910420446533D-03  0.00000000000000D+00
   2  37  0.82088170484019D-02  0.00000000000000D+00
   3  37  0.00000000000000D+00  0.00000000000000D+00
   1  38  0.82218864308366D-03  0.00000000000000D+00
   2  38  0.73778691292476D-02  0.00000000000000D+00
   3  38 -0.10413745700275D-02  0.00000000000000D+00
   1  39  0.82218864308366D-03  0.00000000000000D+00
   2  39  0.73778691292476D-02  0.00000000000000D+00
   3  39  0.10413745700275D-02  0.00000000000000D+00
   1  40 -0.59910420446533D-03  0.00000000000000D+00
   2  40 -0.82088170484019D-02  0.00000000000000D+00
   3  40  0.00000000000000D+00  0.00000000000000D+00
   1  41 -0.82218864308366D-03  0.00000000000000D+00
   2  41 -0.73778691292476D-02  0.00000000000000D+00
   3  41 -0.10413745700275D-02  0.00000000000000D+00
   1  42 -0.82218864308366D-03  0.00000000000000D+00
   2  42 -0.73778691292476D-02  0.00000000000000D+00
   3  42  0.10413745700275D-02  0.00000000000000D+00
   1  43  0.18296247565778D-02  0.00000000000000D+00
   2  43  0.72458151177704D-03  0.00000000000000D+00
   3  43 -0.31106901739803D-03  0.00000000000000D+00
   1  44  0.18296247565778D-02  0.00000000000000D+00
   2  44  0.72458151177704D-03  0.00000000000000D+00
   3  44  0.31106901739803D-03  0.00000000000000D+00
   1  45  0.29333766854716D-02  0.00000000000000D+00
   2  45  0.11561232575038D-02  0.00000000000000D+00
   3  45  0.00000000000000D+00  0.00000000000000D+00
   1  46 -0.18296247565778D-02  0.00000000000000D+00
   2  46 -0.72458151177704D-03  0.00000000000000D+00
   3  46 -0.31106901739803D-03  0.00000000000000D+00
   1  47 -0.18296247565778D-02  0.00000000000000D+00
   2  47 -0.72458151177704D-03  0.00000000000000D+00
   3  47  0.31106901739803D-03  0.00000000000000D+00
   1  48 -0.29333766854716D-02  0.00000000000000D+00
   2  48 -0.11561232575038D-02  0.00000000000000D+00
   3  48  0.00000000000000D+00  0.00000000000000D+00
   1  49  0.61766320316124D-03  0.00000000000000D+00
   2  49  0.30711013419349D-02  0.00000000000000D+00
   3  49  0.00000000000000D+00  0.00000000000000D+00
   1  50 -0.43641660598406D-04  0.00000000000000D+00
   2  50  0.31529466929113D-02  0.00000000000000D+00
   3  50  0.21600514079947D-03  0.00000000000000D+00
   1  51 -0.43641660598406D-04  0.00000000000000D+00
   2  51  0.31529466929113D-02  0.00000000000000D+00
   3  51 -0.21600514079947D-03  0.00000000000000D+00
   1  52 -0.61766320316124D-03  0.00000000000000D+00
   2  52 -0.30711013419349D-02  0.00000000000000D+00
   3  52  0.00000000000000D+00  0.00000000000000D+00
   1  53  0.43641660598406D-04  0.00000000000000D+00
   2  53 -0.31529466929113D-02  0.00000000000000D+00
   3  53  0.21600514079947D-03  0.00000000000000D+00
   1  54  0.43641660598406D-04  0.00000000000000D+00
   2  54 -0.31529466929113D-02  0.00000000000000D+00
   3  54 -0.21600514079947D-03  0.00000000000000D+00
   1  57 -0.22218286450642D-05  0.00000000000000D+00
   2  57 -0.17540518168031D-05  0.00000000000000D+00
   3  57 -0.75998406483405D-05  0.00000000000000D+00
   1  58  0.00000000000000D+00  0.00000000000000D+00
   2  58  0.00000000000000D+00  0.00000000000000D+00
   3  58 -0.14288455760913D-05  0.00000000000000D+00
  
 Total energy                 - # elements :       1
 -0.68011792362838D+03  0.00000000000000D+00
