 Fermi (or HOMO) energy (hartree) =   0.24428   Average Vxc (hartree)=  -0.37898
 Eigenvalues (hartree) for nkpt=   1  k points, SPIN UP:
 kpt#   1, nband=180, wtk=  1.00000, kpt=  0.0000  0.0000  0.0000 (reduced coord)
  -1.40526   -1.40497   -1.40493   -1.40401   -1.40395   -1.40385   -1.40380   -1.40372
  -1.40365   -1.40351   -1.40331   -1.40329   -1.21062   -1.03282   -1.03130   -1.02831
  -1.02830   -1.02829   -0.47302   -0.47028   -0.46288   -0.45492   -0.45377   -0.45372
  -0.45280   -0.45266   -0.45213   -0.45053   -0.45016   -0.44882   -0.44758   -0.42829
  -0.42045   -0.39701   -0.39114   -0.38633   -0.38561   -0.38524   -0.38037   -0.38034
  -0.38031   -0.36643   -0.36636   -0.36634   -0.36174   -0.36000   -0.35981   -0.35073
  -0.34306   -0.31406   -0.31323   -0.30202   -0.30113   -0.29858   -0.29813   -0.29811
  -0.29686   -0.29562   -0.28812   -0.28733   -0.00485    0.01111    0.01147    0.02151
   0.02175    0.02195    0.02208    0.03090    0.03168    0.03213    0.03229    0.03892
   0.03918    0.04845    0.05839    0.07281    0.07329    0.07355    0.07364    0.07381
   0.07399    0.07878    0.07890    0.07932    0.08680    0.09186    0.09262    0.09267
   0.09282    0.09702    0.09744    0.09777    0.09785    0.11291    0.11341    0.11792
   0.11815    0.11856    0.11862    0.11870    0.12291    0.12300    0.12317    0.12339
   0.13097    0.13152    0.13722    0.14223    0.14265    0.14265    0.14288    0.14297
   0.14328    0.14383    0.14404    0.14420    0.15156    0.15313    0.15653    0.15728
   0.15752    0.16131    0.16327    0.16382    0.16406    0.16413    0.16927    0.17992
   0.18105    0.18229    0.18480    0.18527    0.23666    0.23710    0.23744    0.23765
   0.23815    0.23887    0.24428    0.30905    0.32029    0.32482    0.34727    0.35079
   0.35985    0.37623    0.38177    0.39723    0.39891    0.40228    0.41531    0.41592
   0.41703    0.41834    0.42182    0.42257    0.42377    0.42503    0.42762    0.42841
   0.43164    0.43755    0.43886    0.44466    0.44760    0.44823    0.44864    0.44938
   0.45147    0.45823    0.46247    0.46269    0.46318    0.46355    0.48414    0.49246
   0.49590    0.50091    0.50263    0.50447
 Eigenvalues (hartree) for nkpt=   1  k points, SPIN DOWN:
 kpt#   1, nband=180, wtk=  1.00000, kpt=  0.0000  0.0000  0.0000 (reduced coord)
  -1.40526   -1.40497   -1.40493   -1.40400   -1.40395   -1.40384   -1.40380   -1.40373
  -1.40366   -1.40350   -1.40331   -1.40329   -1.09737   -1.03282   -1.03118   -1.02830
  -1.02829   -1.02823   -0.46269   -0.46231   -0.45514   -0.45492   -0.45294   -0.45284
  -0.45219   -0.45089   -0.45040   -0.45020   -0.45016   -0.44890   -0.39722   -0.39580
  -0.38622   -0.38568   -0.38515   -0.38099   -0.38036   -0.38035   -0.38033   -0.37293
  -0.36641   -0.36633   -0.36631   -0.36266   -0.35973   -0.35073   -0.34954   -0.34356
  -0.34311   -0.31323   -0.31253   -0.30116   -0.29889   -0.29813   -0.29809   -0.29745
  -0.29562   -0.29249   -0.28737   -0.28657   -0.00462    0.01154    0.01161    0.02176
   0.02203    0.02204    0.02289    0.03179    0.03186    0.03224    0.03263    0.03925
   0.03947    0.04864    0.05850    0.07324    0.07361    0.07392    0.07419    0.07447
   0.07454    0.07904    0.07918    0.07999    0.08730    0.09232    0.09263    0.09323
   0.09344    0.09743    0.09774    0.09780    0.09832    0.11343    0.11366    0.11835
   0.11863    0.11872    0.11898    0.11957    0.12305    0.12318    0.12347    0.12405
   0.13154    0.13225    0.13722    0.14282    0.14298    0.14313    0.14348    0.14387
   0.14404    0.14427    0.14439    0.14495    0.15302    0.15316    0.15692    0.15735
   0.15755    0.16144    0.16372    0.16399    0.16408    0.16426    0.17006    0.18119
   0.18165    0.18506    0.18529    0.18536    0.31587    0.32156    0.32802    0.35236
   0.35940    0.35975    0.38160    0.38164    0.39819    0.39823    0.40587    0.41625
   0.41745    0.41852    0.42143    0.42295    0.42680    0.42770    0.42775    0.42788
   0.43172    0.43185    0.44230    0.44825    0.44830    0.44854    0.44915    0.44939
   0.44982    0.45529    0.46241    0.46283    0.46305    0.46481    0.46538    0.49248
   0.49439    0.50371    0.50468    0.50509    0.50513    0.50594    0.50631    0.50799
   0.51354    0.51552    0.52440    0.52474
