
 **** DERIVATIVE DATABASE ****    
+DDB, Version number  20230401

  Note : temporary (transfer) database

    usepaw         1
     natom        54
      nkpt         1
    nsppol         2
      nsym         4
    ntypat         6
    occopt         2
     nband       180
     acell  0.10000000000000D+01  0.10000000000000D+01  0.10000000000000D+01
       amu  0.15196500000000D+03  0.87620000000000D+02  0.69410000000000D+01
            0.26981539000000D+02  0.14006740000000D+02  0.15999400000000D+02
   dilatmx  0.11500000000000D+01
      ecut  0.10000000000000D+02
 pawecutdg  0.20000000000000D+02
    ecutsm  0.50000000000000D+00
     intxc         0
      iscf        17
       ixc   -101130
       kpt  0.00000000000000D+00  0.00000000000000D+00  0.00000000000000D+00
    kptnrm  0.10000000000000D+01
     ngfft        50   54   60
    nspden         2
   nspinor         1
       occ  0.10000000000000D+01  0.10000000000000D+01  0.10000000000000D+01
            0.10000000000000D+01  0.10000000000000D+01  0.10000000000000D+01
            0.10000000000000D+01  0.10000000000000D+01  0.10000000000000D+01
            0.10000000000000D+01  0.10000000000000D+01  0.10000000000000D+01
            0.10000000000000D+01  0.10000000000000D+01  0.10000000000000D+01
            0.10000000000000D+01  0.10000000000000D+01  0.10000000000000D+01
            0.10000000000000D+01  0.10000000000000D+01  0.10000000000000D+01
            0.10000000000000D+01  0.10000000000000D+01  0.10000000000000D+01
            0.10000000000000D+01  0.10000000000000D+01  0.10000000000000D+01
            0.10000000000000D+01  0.10000000000000D+01  0.10000000000000D+01
            0.10000000000000D+01  0.10000000000000D+01  0.10000000000000D+01
            0.10000000000000D+01  0.10000000000000D+01  0.10000000000000D+01
            0.10000000000000D+01  0.10000000000000D+01  0.10000000000000D+01
            0.10000000000000D+01  0.10000000000000D+01  0.10000000000000D+01
            0.10000000000000D+01  0.10000000000000D+01  0.10000000000000D+01
            0.10000000000000D+01  0.10000000000000D+01  0.10000000000000D+01
            0.10000000000000D+01  0.10000000000000D+01  0.10000000000000D+01
            0.10000000000000D+01  0.10000000000000D+01  0.10000000000000D+01
            0.10000000000000D+01  0.10000000000000D+01  0.10000000000000D+01
            0.10000000000000D+01  0.10000000000000D+01  0.10000000000000D+01
            0.10000000000000D+01  0.10000000000000D+01  0.10000000000000D+01
            0.10000000000000D+01  0.10000000000000D+01  0.10000000000000D+01
            0.10000000000000D+01  0.10000000000000D+01  0.10000000000000D+01
            0.10000000000000D+01  0.10000000000000D+01  0.10000000000000D+01
            0.10000000000000D+01  0.10000000000000D+01  0.10000000000000D+01
            0.10000000000000D+01  0.10000000000000D+01  0.10000000000000D+01
            0.10000000000000D+01  0.10000000000000D+01  0.10000000000000D+01
            0.10000000000000D+01  0.10000000000000D+01  0.10000000000000D+01
            0.10000000000000D+01  0.10000000000000D+01  0.10000000000000D+01
            0.10000000000000D+01  0.10000000000000D+01  0.10000000000000D+01
            0.10000000000000D+01  0.10000000000000D+01  0.10000000000000D+01
            0.10000000000000D+01  0.10000000000000D+01  0.10000000000000D+01
            0.10000000000000D+01  0.10000000000000D+01  0.10000000000000D+01
            0.10000000000000D+01  0.10000000000000D+01  0.10000000000000D+01
            0.10000000000000D+01  0.10000000000000D+01  0.10000000000000D+01
            0.10000000000000D+01  0.10000000000000D+01  0.10000000000000D+01
            0.10000000000000D+01  0.10000000000000D+01  0.10000000000000D+01
            0.10000000000000D+01  0.10000000000000D+01  0.10000000000000D+01
            0.10000000000000D+01  0.10000000000000D+01  0.10000000000000D+01
            0.10000000000000D+01  0.10000000000000D+01  0.10000000000000D+01
            0.10000000000000D+01  0.10000000000000D+01  0.10000000000000D+01
            0.10000000000000D+01  0.10000000000000D+01  0.10000000000000D+01
            0.10000000000000D+01  0.10000000000000D+01  0.10000000000000D+01
            0.10000000000000D+01  0.10000000000000D+01  0.10000000000000D+01
            0.10000000000000D+01  0.10000000000000D+01  0.10000000000000D+01
            0.10000000000000D+01  0.10000000000000D+01  0.10000000000000D+01
            0.00000000000000D+00  0.10000000000000D+01  0.00000000000000D+00
            0.00000000000000D+00  0.00000000000000D+00  0.00000000000000D+00
            0.00000000000000D+00  0.00000000000000D+00  0.00000000000000D+00
            0.00000000000000D+00  0.00000000000000D+00  0.00000000000000D+00
            0.00000000000000D+00  0.00000000000000D+00  0.00000000000000D+00
            0.00000000000000D+00  0.00000000000000D+00  0.00000000000000D+00
            0.00000000000000D+00  0.00000000000000D+00  0.00000000000000D+00
            0.00000000000000D+00  0.00000000000000D+00  0.00000000000000D+00
            0.00000000000000D+00  0.00000000000000D+00  0.00000000000000D+00
            0.00000000000000D+00  0.00000000000000D+00  0.00000000000000D+00
            0.00000000000000D+00  0.00000000000000D+00  0.00000000000000D+00
            0.00000000000000D+00  0.00000000000000D+00  0.00000000000000D+00
            0.00000000000000D+00  0.00000000000000D+00  0.00000000000000D+00
            0.00000000000000D+00  0.00000000000000D+00  0.00000000000000D+00
     rprim  0.14852017169900D+02  0.72879070107000D-04  0.00000000000000D+00
            0.72879070106000D-04  0.14851410310900D+02  0.00000000000000D+00
            0.00000000000000D+00  0.00000000000000D+00  0.18084519032000D+02
  dfpt_sciss  0.00000000000000D+00
    spinat  0.00000000000000D+00  0.00000000000000D+00  0.70000000000000D+01
            0.00000000000000D+00  0.00000000000000D+00  0.00000000000000D+00
            0.00000000000000D+00  0.00000000000000D+00  0.00000000000000D+00
            0.00000000000000D+00  0.00000000000000D+00  0.00000000000000D+00
            0.00000000000000D+00  0.00000000000000D+00  0.00000000000000D+00
            0.00000000000000D+00  0.00000000000000D+00  0.00000000000000D+00
            0.00000000000000D+00  0.00000000000000D+00  0.00000000000000D+00
            0.00000000000000D+00  0.00000000000000D+00  0.00000000000000D+00
            0.00000000000000D+00  0.00000000000000D+00  0.00000000000000D+00
            0.00000000000000D+00  0.00000000000000D+00  0.00000000000000D+00
            0.00000000000000D+00  0.00000000000000D+00  0.00000000000000D+00
            0.00000000000000D+00  0.00000000000000D+00  0.00000000000000D+00
            0.00000000000000D+00  0.00000000000000D+00  0.00000000000000D+00
            0.00000000000000D+00  0.00000000000000D+00  0.00000000000000D+00
            0.00000000000000D+00  0.00000000000000D+00  0.00000000000000D+00
            0.00000000000000D+00  0.00000000000000D+00  0.00000000000000D+00
            0.00000000000000D+00  0.00000000000000D+00  0.00000000000000D+00
            0.00000000000000D+00  0.00000000000000D+00  0.00000000000000D+00
            0.00000000000000D+00  0.00000000000000D+00  0.00000000000000D+00
            0.00000000000000D+00  0.00000000000000D+00  0.00000000000000D+00
            0.00000000000000D+00  0.00000000000000D+00  0.00000000000000D+00
            0.00000000000000D+00  0.00000000000000D+00  0.00000000000000D+00
            0.00000000000000D+00  0.00000000000000D+00  0.00000000000000D+00
            0.00000000000000D+00  0.00000000000000D+00  0.00000000000000D+00
            0.00000000000000D+00  0.00000000000000D+00  0.00000000000000D+00
            0.00000000000000D+00  0.00000000000000D+00  0.00000000000000D+00
            0.00000000000000D+00  0.00000000000000D+00  0.00000000000000D+00
            0.00000000000000D+00  0.00000000000000D+00  0.00000000000000D+00
            0.00000000000000D+00  0.00000000000000D+00  0.00000000000000D+00
            0.00000000000000D+00  0.00000000000000D+00  0.00000000000000D+00
            0.00000000000000D+00  0.00000000000000D+00  0.00000000000000D+00
            0.00000000000000D+00  0.00000000000000D+00  0.00000000000000D+00
            0.00000000000000D+00  0.00000000000000D+00  0.00000000000000D+00
            0.00000000000000D+00  0.00000000000000D+00  0.00000000000000D+00
            0.00000000000000D+00  0.00000000000000D+00  0.00000000000000D+00
            0.00000000000000D+00  0.00000000000000D+00  0.00000000000000D+00
            0.00000000000000D+00  0.00000000000000D+00  0.00000000000000D+00
            0.00000000000000D+00  0.00000000000000D+00  0.00000000000000D+00
            0.00000000000000D+00  0.00000000000000D+00  0.00000000000000D+00
            0.00000000000000D+00  0.00000000000000D+00  0.00000000000000D+00
            0.00000000000000D+00  0.00000000000000D+00  0.00000000000000D+00
            0.00000000000000D+00  0.00000000000000D+00  0.00000000000000D+00
            0.00000000000000D+00  0.00000000000000D+00  0.00000000000000D+00
            0.00000000000000D+00  0.00000000000000D+00  0.00000000000000D+00
            0.00000000000000D+00  0.00000000000000D+00  0.00000000000000D+00
            0.00000000000000D+00  0.00000000000000D+00  0.00000000000000D+00
            0.00000000000000D+00  0.00000000000000D+00  0.00000000000000D+00
            0.00000000000000D+00  0.00000000000000D+00  0.00000000000000D+00
            0.00000000000000D+00  0.00000000000000D+00  0.00000000000000D+00
            0.00000000000000D+00  0.00000000000000D+00  0.00000000000000D+00
            0.00000000000000D+00  0.00000000000000D+00  0.00000000000000D+00
            0.00000000000000D+00  0.00000000000000D+00  0.00000000000000D+00
            0.00000000000000D+00  0.00000000000000D+00  0.00000000000000D+00
            0.00000000000000D+00  0.00000000000000D+00  0.00000000000000D+00
    symafm         1    1    1    1
    symrel         1    0    0    0    1    0    0    0    1
                  -1    0    0    0   -1    0    0    0   -1
                  -1    0    0    0   -1    0    0    0    1
                   1    0    0    0    1    0    0    0   -1
     tnons  0.00000000000000D+00  0.00000000000000D+00  0.00000000000000D+00
           -0.22204460492503D-15  0.58926410649286D-21  0.33333333340000D+00
           -0.22204460492503D-15  0.58926410649286D-21  0.00000000000000D+00
            0.00000000000000D+00  0.00000000000000D+00  0.33333333340000D+00
    tolwfr  0.10000000000000D+01
   tphysel  0.00000000000000D+00
    tsmear  0.10000000000000D-01
     typat         1    2    2    2    2    2    3    3    3    3    3    3
                   3    3    3    3    3    3    4    4    4    4    4    4
                   4    4    4    4    4    4    5    5    5    5    5    5
                   5    5    5    5    5    5    6    6    6    6    6    6
                   6    6    6    6    6    6
       wtk  0.10000000000000D+01
      xred  0.50000000000000D+00  0.29463205324643D-21  0.16666666670000D+00
            0.50000000000000D+00  0.29463205324643D-21  0.50052666891005D+00
            0.50000000000000D+00  0.29463205324643D-21  0.83280666448995D+00
           -0.11102230246252D-15  0.50000000000000D+00  0.34181579931869D-04
           -0.11102230246252D-15  0.50000000000000D+00  0.33329915182007D+00
           -0.11102230246252D-15  0.50000000000000D+00  0.66666666670000D+00
            0.11996625585539D+00  0.82825689926775D+00  0.16666666670000D+00
            0.12102395200343D+00  0.82894911090253D+00  0.50005709883880D+00
            0.12102395200343D+00  0.82894911090253D+00  0.83327623456120D+00
            0.88003374414461D+00  0.17174310073225D+00  0.16666666670000D+00
            0.87897604799657D+00  0.17105088909747D+00  0.50005709883880D+00
            0.87897604799657D+00  0.17105088909747D+00  0.83327623456120D+00
            0.17126873935507D+00  0.12113685116832D+00  0.50136263110996D-04
            0.17126873935507D+00  0.12113685116832D+00  0.33328319713689D+00
            0.17150864272290D+00  0.12014108838441D+00  0.66666666670000D+00
            0.82873126064493D+00  0.87886314883168D+00  0.50136263110996D-04
            0.82873126064493D+00  0.87886314883168D+00  0.33328319713689D+00
            0.82849135727710D+00  0.87985891161559D+00  0.66666666670000D+00
            0.34962969339856D+00  0.68424333226603D+00  0.11117685292198D-02
            0.34962969339856D+00  0.68424333226603D+00  0.33222156487078D+00
            0.35013342304997D+00  0.68346191283437D+00  0.66666666670000D+00
            0.65037030660144D+00  0.31575666773397D+00  0.11117685292198D-02
            0.65037030660144D+00  0.31575666773397D+00  0.33222156487078D+00
            0.64986657695003D+00  0.31653808716563D+00  0.66666666670000D+00
            0.31590012033855D+00  0.34868178015225D+00  0.16666666670000D+00
            0.31668751082213D+00  0.34809968064906D+00  0.49933328090074D+00
            0.31668751082213D+00  0.34809968064906D+00  0.83400005249926D+00
            0.68409987966145D+00  0.65131821984775D+00  0.16666666670000D+00
            0.68331248917787D+00  0.65190031935094D+00  0.49933328090074D+00
            0.68331248917787D+00  0.65190031935094D+00  0.83400005249926D+00
            0.58273829187456D+00  0.74007735036182D+00  0.18421772719788D-02
            0.58273829187456D+00  0.74007735036182D+00  0.33149115612802D+00
            0.58381998631907D+00  0.73498215242018D+00  0.66666666670000D+00
            0.41726170812544D+00  0.25992264963818D+00  0.18421772719788D-02
            0.41726170812544D+00  0.25992264963818D+00  0.33149115612802D+00
            0.41618001368093D+00  0.26501784757982D+00  0.66666666670000D+00
            0.26323392960770D+00  0.58192645554259D+00  0.16666666670000D+00
            0.26568950303553D+00  0.58261385328078D+00  0.49861532424020D+00
            0.26568950303553D+00  0.58261385328078D+00  0.83471800915980D+00
            0.73676607039230D+00  0.41807354445741D+00  0.16666666670000D+00
            0.73431049696447D+00  0.41738614671922D+00  0.49861532424020D+00
            0.73431049696447D+00  0.41738614671922D+00  0.83471800915980D+00
            0.25003636061066D+00  0.89181956618873D+00  0.39402460009861D-02
            0.25003636061066D+00  0.89181956618873D+00  0.32939308739901D+00
            0.24388872379809D+00  0.88802027166045D+00  0.66666666670000D+00
            0.74996363938934D+00  0.10818043381127D+00  0.39402460009861D-02
            0.74996363938934D+00  0.10818043381127D+00  0.32939308739901D+00
            0.75611127620191D+00  0.11197972833955D+00  0.66666666670000D+00
            0.10970827502205D+00  0.24677008392435D+00  0.16666666670000D+00
            0.10959657035657D+00  0.24677369706115D+00  0.49929578797253D+00
            0.10959657035657D+00  0.24677369706115D+00  0.83403754542747D+00
            0.89029172497795D+00  0.75322991607565D+00  0.16666666670000D+00
            0.89040342964343D+00  0.75322630293885D+00  0.49929578797253D+00
            0.89040342964343D+00  0.75322630293885D+00  0.83403754542747D+00
     znucl  0.63000000000000D+02  0.38000000000000D+02  0.30000000000000D+01
            0.13000000000000D+02  0.70000000000000D+01  0.80000000000000D+01
      zion  0.17000000000000D+02  0.10000000000000D+02  0.30000000000000D+01
            0.30000000000000D+01  0.50000000000000D+01  0.60000000000000D+01
 
 No information on the potentials yet 
 
 **** Database of total energy derivatives ****
 Number of data blocks=    2
  
 1st derivatives              - # elements :     168
   1   1  0.00000000000000D+00  0.00000000000000D+00
   2   1  0.00000000000000D+00  0.00000000000000D+00
   3   1  0.00000000000000D+00  0.00000000000000D+00
   1   2  0.00000000000000D+00  0.00000000000000D+00
   2   2  0.00000000000000D+00  0.00000000000000D+00
   3   2 -0.66882449141791D-02  0.00000000000000D+00
   1   3  0.00000000000000D+00  0.00000000000000D+00
   2   3  0.00000000000000D+00  0.00000000000000D+00
   3   3  0.66882449141791D-02  0.00000000000000D+00
   1   4  0.00000000000000D+00  0.00000000000000D+00
   2   4  0.00000000000000D+00  0.00000000000000D+00
   3   4 -0.18331672376926D-02  0.00000000000000D+00
   1   5  0.00000000000000D+00  0.00000000000000D+00
   2   5  0.00000000000000D+00  0.00000000000000D+00
   3   5  0.18331672376926D-02  0.00000000000000D+00
   1   6  0.00000000000000D+00  0.00000000000000D+00
   2   6  0.00000000000000D+00  0.00000000000000D+00
   3   6  0.00000000000000D+00  0.00000000000000D+00
   1   7 -0.30864207307676D-03  0.00000000000000D+00
   2   7 -0.11384361596539D-02  0.00000000000000D+00
   3   7  0.00000000000000D+00  0.00000000000000D+00
   1   8 -0.20697763423007D-03  0.00000000000000D+00
   2   8  0.13733800736783D-03  0.00000000000000D+00
   3   8  0.81860768561903D-02  0.00000000000000D+00
   1   9 -0.20697763423007D-03  0.00000000000000D+00
   2   9  0.13733800736783D-03  0.00000000000000D+00
   3   9 -0.81860768561903D-02  0.00000000000000D+00
   1  10  0.30864207307676D-03  0.00000000000000D+00
   2  10  0.11384361596539D-02  0.00000000000000D+00
   3  10  0.00000000000000D+00  0.00000000000000D+00
   1  11  0.20697763423007D-03  0.00000000000000D+00
   2  11 -0.13733800736783D-03  0.00000000000000D+00
   3  11  0.81860768561903D-02  0.00000000000000D+00
   1  12  0.20697763423007D-03  0.00000000000000D+00
   2  12 -0.13733800736783D-03  0.00000000000000D+00
   3  12 -0.81860768561903D-02  0.00000000000000D+00
   1  13 -0.19500660240502D-02  0.00000000000000D+00
   2  13  0.34094915551463D-02  0.00000000000000D+00
   3  13 -0.59971579779435D-02  0.00000000000000D+00
   1  14 -0.19500660240502D-02  0.00000000000000D+00
   2  14  0.34094915551463D-02  0.00000000000000D+00
   3  14  0.59971579779435D-02  0.00000000000000D+00
   1  15  0.24566012510540D-02  0.00000000000000D+00
   2  15  0.29440622441692D-02  0.00000000000000D+00
   3  15  0.00000000000000D+00  0.00000000000000D+00
   1  16  0.19500660240502D-02  0.00000000000000D+00
   2  16 -0.34094915551463D-02  0.00000000000000D+00
   3  16 -0.59971579779435D-02  0.00000000000000D+00
   1  17  0.19500660240502D-02  0.00000000000000D+00
   2  17 -0.34094915551463D-02  0.00000000000000D+00
   3  17  0.59971579779435D-02  0.00000000000000D+00
   1  18 -0.24566012510540D-02  0.00000000000000D+00
   2  18 -0.29440622441692D-02  0.00000000000000D+00
   3  18  0.00000000000000D+00  0.00000000000000D+00
   1  19 -0.59940346141022D-02  0.00000000000000D+00
   2  19  0.51843430633776D-02  0.00000000000000D+00
   3  19 -0.10875109102488D-01  0.00000000000000D+00
   1  20 -0.59940346141022D-02  0.00000000000000D+00
   2  20  0.51843430633776D-02  0.00000000000000D+00
   3  20  0.10875109102488D-01  0.00000000000000D+00
   1  21 -0.43445427048877D-03  0.00000000000000D+00
   2  21 -0.32377401941035D-02  0.00000000000000D+00
   3  21  0.00000000000000D+00  0.00000000000000D+00
   1  22  0.59940346141022D-02  0.00000000000000D+00
   2  22 -0.51843430633776D-02  0.00000000000000D+00
   3  22 -0.10875109102488D-01  0.00000000000000D+00
   1  23  0.59940346141022D-02  0.00000000000000D+00
   2  23 -0.51843430633776D-02  0.00000000000000D+00
   3  23  0.10875109102488D-01  0.00000000000000D+00
   1  24  0.43445427048877D-03  0.00000000000000D+00
   2  24  0.32377401941035D-02  0.00000000000000D+00
   3  24  0.00000000000000D+00  0.00000000000000D+00
   1  25  0.68782193294822D-02  0.00000000000000D+00
   2  25 -0.93314454559935D-02  0.00000000000000D+00
   3  25  0.00000000000000D+00  0.00000000000000D+00
   1  26  0.37278922800368D-02  0.00000000000000D+00
   2  26  0.16524683311834D-02  0.00000000000000D+00
   3  26 -0.13681931854990D-01  0.00000000000000D+00
   1  27  0.37278922800368D-02  0.00000000000000D+00
   2  27  0.16524683311834D-02  0.00000000000000D+00
   3  27  0.13681931854990D-01  0.00000000000000D+00
   1  28 -0.68782193294822D-02  0.00000000000000D+00
   2  28  0.93314454559935D-02  0.00000000000000D+00
   3  28  0.00000000000000D+00  0.00000000000000D+00
   1  29 -0.37278922800368D-02  0.00000000000000D+00
   2  29 -0.16524683311834D-02  0.00000000000000D+00
   3  29 -0.13681931854990D-01  0.00000000000000D+00
   1  30 -0.37278922800368D-02  0.00000000000000D+00
   2  30 -0.16524683311834D-02  0.00000000000000D+00
   3  30  0.13681931854990D-01  0.00000000000000D+00
   1  31  0.47373667008544D-02  0.00000000000000D+00
   2  31 -0.29424754863465D-02  0.00000000000000D+00
   3  31 -0.60107872724074D-02  0.00000000000000D+00
   1  32  0.47373667008544D-02  0.00000000000000D+00
   2  32 -0.29424754863465D-02  0.00000000000000D+00
   3  32  0.60107872724074D-02  0.00000000000000D+00
   1  33 -0.43143257132645D-02  0.00000000000000D+00
   2  33  0.60947974419554D-03  0.00000000000000D+00
   3  33  0.00000000000000D+00  0.00000000000000D+00
   1  34 -0.47373667008544D-02  0.00000000000000D+00
   2  34  0.29424754863465D-02  0.00000000000000D+00
   3  34 -0.60107872724074D-02  0.00000000000000D+00
   1  35 -0.47373667008544D-02  0.00000000000000D+00
   2  35  0.29424754863465D-02  0.00000000000000D+00
   3  35  0.60107872724074D-02  0.00000000000000D+00
   1  36  0.43143257132645D-02  0.00000000000000D+00
   2  36 -0.60947974419554D-03  0.00000000000000D+00
   3  36  0.00000000000000D+00  0.00000000000000D+00
   1  37 -0.10968991385027D-01  0.00000000000000D+00
   2  37  0.27938331083564D-02  0.00000000000000D+00
   3  37  0.00000000000000D+00  0.00000000000000D+00
   1  38 -0.32252667074611D-02  0.00000000000000D+00
   2  38  0.22879558275189D-02  0.00000000000000D+00
   3  38 -0.60898907249006D-02  0.00000000000000D+00
   1  39 -0.32252667074611D-02  0.00000000000000D+00
   2  39  0.22879558275189D-02  0.00000000000000D+00
   3  39  0.60898907249006D-02  0.00000000000000D+00
   1  40  0.10968991385027D-01  0.00000000000000D+00
   2  40 -0.27938331083564D-02  0.00000000000000D+00
   3  40  0.00000000000000D+00  0.00000000000000D+00
   1  41  0.32252667074611D-02  0.00000000000000D+00
   2  41 -0.22879558275189D-02  0.00000000000000D+00
   3  41 -0.60898907249006D-02  0.00000000000000D+00
   1  42  0.32252667074611D-02  0.00000000000000D+00
   2  42 -0.22879558275189D-02  0.00000000000000D+00
   3  42  0.60898907249006D-02  0.00000000000000D+00
   1  43  0.17792726674666D-02  0.00000000000000D+00
   2  43  0.12528614725187D-02  0.00000000000000D+00
   3  43  0.40440588435533D-02  0.00000000000000D+00
   1  44  0.17792726674666D-02  0.00000000000000D+00
   2  44  0.12528614725187D-02  0.00000000000000D+00
   3  44 -0.40440588435533D-02  0.00000000000000D+00
   1  45 -0.61244455382571D-03  0.00000000000000D+00
   2  45  0.11707233959217D-01  0.00000000000000D+00
   3  45  0.00000000000000D+00  0.00000000000000D+00
   1  46 -0.17792726674666D-02  0.00000000000000D+00
   2  46 -0.12528614725187D-02  0.00000000000000D+00
   3  46  0.40440588435533D-02  0.00000000000000D+00
   1  47 -0.17792726674666D-02  0.00000000000000D+00
   2  47 -0.12528614725187D-02  0.00000000000000D+00
   3  47 -0.40440588435533D-02  0.00000000000000D+00
   1  48  0.61244455382571D-03  0.00000000000000D+00
   2  48 -0.11707233959217D-01  0.00000000000000D+00
   3  48  0.00000000000000D+00  0.00000000000000D+00
   1  49  0.57469379699509D-02  0.00000000000000D+00
   2  49  0.32814447738336D-02  0.00000000000000D+00
   3  49  0.00000000000000D+00  0.00000000000000D+00
   1  50 -0.20441243799228D-02  0.00000000000000D+00
   2  50  0.13466900714481D-03  0.00000000000000D+00
   3  50  0.49083582468503D-02  0.00000000000000D+00
   1  51 -0.20441243799228D-02  0.00000000000000D+00
   2  51  0.13466900714481D-03  0.00000000000000D+00
   3  51 -0.49083582468503D-02  0.00000000000000D+00
   1  52 -0.57469379699509D-02  0.00000000000000D+00
   2  52 -0.32814447738336D-02  0.00000000000000D+00
   3  52  0.00000000000000D+00  0.00000000000000D+00
   1  53  0.20441243799228D-02  0.00000000000000D+00
   2  53 -0.13466900714481D-03  0.00000000000000D+00
   3  53  0.49083582468503D-02  0.00000000000000D+00
   1  54  0.20441243799228D-02  0.00000000000000D+00
   2  54 -0.13466900714481D-03  0.00000000000000D+00
   3  54 -0.49083582468503D-02  0.00000000000000D+00
   1  57  0.11859959235212D-04  0.00000000000000D+00
   2  57  0.25067953052274D-04  0.00000000000000D+00
   3  57  0.39094945502462D-04  0.00000000000000D+00
   1  58  0.00000000000000D+00  0.00000000000000D+00
   2  58  0.00000000000000D+00  0.00000000000000D+00
   3  58 -0.17628527623388D-05  0.00000000000000D+00
  
 Total energy                 - # elements :       1
 -0.68005743758748D+03  0.00000000000000D+00
