 Fermi (or HOMO) energy (hartree) =   0.29152   Average Vxc (hartree)=  -0.37956
 Eigenvalues (hartree) for nkpt=   1  k points, SPIN UP:
 kpt#   1, nband=180, wtk=  1.00000, kpt=  0.0000  0.0000  0.0000 (reduced coord)
  -1.40697   -1.40685   -1.40634   -1.40621   -1.40505   -1.40421   -1.40420   -1.40408
  -1.40356   -1.40338   -1.40312   -1.40305   -1.32979   -1.03119   -1.02657   -1.02496
  -1.01636   -1.01319   -0.54581   -0.54389   -0.54231   -0.46151   -0.45646   -0.45404
  -0.45333   -0.45331   -0.45321   -0.45044   -0.44982   -0.44972   -0.44768   -0.44580
  -0.44359   -0.39532   -0.38468   -0.38341   -0.38193   -0.37913   -0.37761   -0.37481
  -0.36944   -0.36575   -0.36363   -0.35813   -0.35442   -0.35113   -0.34839   -0.34827
  -0.34322   -0.31394   -0.31205   -0.30667   -0.30182   -0.29927   -0.29777   -0.29724
  -0.29487   -0.29262   -0.28900   -0.28590   -0.00581    0.00078    0.00123    0.00466
   0.00974    0.01360    0.02062    0.02082    0.02205    0.02402    0.02869    0.03012
   0.03058    0.03169    0.03236    0.03270    0.03704    0.04003    0.04142    0.04777
   0.05728    0.06915    0.07129    0.07195    0.07414    0.07473    0.07484    0.07687
   0.07872    0.07914    0.08556    0.08897    0.09066    0.09334    0.09344    0.09423
   0.09756    0.09788    0.09972    0.11060    0.11384    0.11504    0.11505    0.11945
   0.11959    0.12007    0.12160    0.12229    0.12326    0.12393    0.12988    0.13048
   0.13714    0.13915    0.14199    0.14245    0.14273    0.14311    0.14363    0.14389
   0.14510    0.14652    0.15120    0.15324    0.15628    0.15675    0.15714    0.16047
   0.16188    0.16328    0.16438    0.16441    0.16987    0.18065    0.18107    0.18114
   0.18300    0.18614    0.23182    0.29152    0.31372    0.31830    0.33482    0.34364
   0.36091    0.37202    0.38209    0.39312    0.39712    0.39870    0.40212    0.41238
   0.41243    0.41309    0.41370    0.41672    0.41791    0.42018    0.42632    0.42640
   0.43008    0.43098    0.43137    0.44070    0.44628    0.44664    0.44857    0.44915
   0.45132    0.45635    0.46025    0.46043    0.46208    0.46237    0.47603    0.48035
   0.49220    0.49515    0.49919    0.50239
 Eigenvalues (hartree) for nkpt=   1  k points, SPIN DOWN:
 kpt#   1, nband=180, wtk=  1.00000, kpt=  0.0000  0.0000  0.0000 (reduced coord)
  -1.40699   -1.40686   -1.40635   -1.40622   -1.40504   -1.40421   -1.40419   -1.40407
  -1.40355   -1.40338   -1.40312   -1.40305   -1.22432   -1.03086   -1.02625   -1.02464
  -1.01451   -1.01147   -0.48616   -0.47582   -0.47115   -0.46066   -0.45671   -0.45401
  -0.45310   -0.45305   -0.45070   -0.45035   -0.44978   -0.44935   -0.44755   -0.43073
  -0.42933   -0.39491   -0.38390   -0.38259   -0.37984   -0.37873   -0.37721   -0.37028
  -0.36787   -0.36559   -0.36341   -0.35792   -0.35320   -0.34989   -0.34767   -0.34335
  -0.34266   -0.31380   -0.31183   -0.30455   -0.30198   -0.29992   -0.29781   -0.29746
  -0.29488   -0.29233   -0.28892   -0.28583   -0.00518    0.01086    0.01173    0.02109
   0.02176    0.02233    0.02286    0.03042    0.03179    0.03237    0.03279    0.03840
   0.03897    0.04830    0.05747    0.06988    0.07188    0.07271    0.07372    0.07485
   0.07495    0.07857    0.07882    0.07953    0.08658    0.08980    0.09075    0.09323
   0.09352    0.09465    0.09775    0.09796    0.09956    0.11131    0.11407    0.11483
   0.11565    0.11885    0.11967    0.12003    0.12211    0.12227    0.12315    0.12416
   0.13045    0.13121    0.13719    0.14017    0.14177    0.14197    0.14239    0.14297
   0.14319    0.14385    0.14509    0.14667    0.15142    0.15323    0.15620    0.15672
   0.15698    0.16061    0.16198    0.16293    0.16416    0.16433    0.16946    0.18023
   0.18085    0.18258    0.18348    0.18614    0.31825    0.32109    0.32611    0.34973
   0.35515    0.35953    0.36734    0.37659    0.38379    0.39624    0.39895    0.40381
   0.40433    0.40949    0.41095    0.41283    0.41558    0.41612    0.41736    0.41797
   0.41907    0.42074    0.42250    0.42504    0.42866    0.42958    0.43616    0.43741
   0.43802    0.43875    0.43906    0.44682    0.44764    0.45159    0.45175    0.45315
   0.45672    0.46056    0.46360    0.46576    0.46646    0.46659    0.48464    0.49411
   0.49687    0.49952    0.50116    0.50608
