 Fermi (or HOMO) energy (hartree) =   0.25609   Average Vxc (hartree)=  -0.37890
 Eigenvalues (hartree) for nkpt=   1  k points, SPIN UP:
 kpt#   1, nband=180, wtk=  1.00000, kpt=  0.0000  0.0000  0.0000 (reduced coord)
  -1.40749   -1.40682   -1.40650   -1.40625   -1.40619   -1.40618   -1.40199   -1.40151
  -1.40144   -1.40139   -1.40024   -1.40023   -1.19909   -1.03491   -1.03326   -1.03015
  -1.02992   -1.02810   -0.46926   -0.46514   -0.46122   -0.45424   -0.45370   -0.45319
  -0.45126   -0.44954   -0.44941   -0.44843   -0.44615   -0.44610   -0.44038   -0.41888
  -0.40971   -0.39739   -0.39284   -0.38809   -0.38749   -0.38518   -0.38215   -0.38199
  -0.38010   -0.36893   -0.36818   -0.36610   -0.36404   -0.36059   -0.36025   -0.35183
  -0.34164   -0.31266   -0.31167   -0.30032   -0.30000   -0.29713   -0.29712   -0.29635
  -0.29560   -0.29452   -0.28644   -0.28594   -0.00510    0.01104    0.01133    0.02021
   0.02083    0.02292    0.02348    0.03031    0.03156    0.03180    0.03231    0.03881
   0.03896    0.04868    0.05800    0.07274    0.07280    0.07289    0.07337    0.07377
   0.07397    0.07761    0.07866    0.07895    0.08643    0.09117    0.09244    0.09252
   0.09332    0.09672    0.09700    0.09856    0.09859    0.11076    0.11258    0.11745
   0.11764    0.11775    0.11860    0.11886    0.12193    0.12283    0.12386    0.12556
   0.13107    0.13123    0.13672    0.14083    0.14144    0.14206    0.14217    0.14297
   0.14319    0.14346    0.14381    0.14475    0.15158    0.15162    0.15562    0.15633
   0.15765    0.15955    0.16262    0.16267    0.16288    0.16447    0.16968    0.17966
   0.18032    0.18192    0.18288    0.18617    0.24823    0.24841    0.24901    0.24912
   0.24971    0.25033    0.25609    0.31018    0.32060    0.32540    0.34845    0.35260
   0.35797    0.37654    0.37930    0.39782    0.39940    0.40274    0.41398    0.41461
   0.41550    0.42072    0.42140    0.42332    0.42490    0.42631    0.42662    0.42849
   0.43004    0.43866    0.44338    0.44570    0.44625    0.44726    0.44738    0.44952
   0.45263    0.45860    0.46078    0.46273    0.46275    0.46449    0.48797    0.49031
   0.50013    0.50096    0.50210    0.50298
 Eigenvalues (hartree) for nkpt=   1  k points, SPIN DOWN:
 kpt#   1, nband=180, wtk=  1.00000, kpt=  0.0000  0.0000  0.0000 (reduced coord)
  -1.40748   -1.40681   -1.40650   -1.40624   -1.40619   -1.40617   -1.40199   -1.40151
  -1.40144   -1.40139   -1.40024   -1.40024   -1.08611   -1.03489   -1.03313   -1.03009
  -1.02990   -1.02808   -0.46094   -0.46075   -0.45422   -0.45364   -0.45126   -0.45022
  -0.44970   -0.44954   -0.44944   -0.44726   -0.44644   -0.44625   -0.39775   -0.39679
  -0.38792   -0.38751   -0.38515   -0.38214   -0.38204   -0.38007   -0.37691   -0.36908
  -0.36816   -0.36756   -0.36607   -0.36484   -0.36000   -0.35181   -0.34166   -0.33917
  -0.33778   -0.31264   -0.30972   -0.30000   -0.29926   -0.29714   -0.29704   -0.29587
  -0.29453   -0.28647   -0.28621   -0.28335   -0.00487    0.01119    0.01173    0.02033
   0.02095    0.02359    0.02397    0.03119    0.03189    0.03205    0.03245    0.03893
   0.03953    0.04890    0.05811    0.07287    0.07327    0.07327    0.07376    0.07451
   0.07482    0.07762    0.07933    0.07947    0.08697    0.09171    0.09255    0.09305
   0.09391    0.09697    0.09746    0.09873    0.09917    0.11128    0.11281    0.11778
   0.11789    0.11798    0.11876    0.12014    0.12204    0.12398    0.12399    0.12560
   0.13166    0.13228    0.13675    0.14113    0.14215    0.14224    0.14250    0.14296
   0.14369    0.14394    0.14503    0.14642    0.15171    0.15303    0.15567    0.15633
   0.15817    0.15966    0.16274    0.16313    0.16321    0.16436    0.17048    0.18042
   0.18164    0.18299    0.18509    0.18644    0.31569    0.32177    0.32779    0.35291
   0.35786    0.35964    0.37916    0.38173    0.39709    0.40000    0.40624    0.41457
   0.41497    0.41891    0.42000    0.42206    0.42536    0.42558    0.42766    0.43021
   0.43026    0.43297    0.44266    0.44712    0.44713    0.44723    0.44942    0.45227
   0.45268    0.45539    0.46073    0.46230    0.46330    0.46505    0.46578    0.49033
   0.49414    0.50267    0.50325    0.50350    0.50402    0.50459    0.50591    0.51388
   0.51558    0.51607    0.52443    0.52958
