
 **** DERIVATIVE DATABASE ****    
+DDB, Version number  20230401

  Note : temporary (transfer) database

    usepaw         1
     natom        54
      nkpt         1
    nsppol         2
      nsym         4
    ntypat         6
    occopt         2
     nband       180
     acell  0.10000000000000D+01  0.10000000000000D+01  0.10000000000000D+01
       amu  0.15196500000000D+03  0.87620000000000D+02  0.69410000000000D+01
            0.26981539000000D+02  0.14006740000000D+02  0.15999400000000D+02
   dilatmx  0.10000000000000D+01
      ecut  0.10000000000000D+02
 pawecutdg  0.20000000000000D+02
    ecutsm  0.00000000000000D+00
     intxc         0
      iscf        17
       ixc   -101130
       kpt  0.00000000000000D+00  0.00000000000000D+00  0.00000000000000D+00
    kptnrm  0.10000000000000D+01
     ngfft        45   48   54
    nspden         2
   nspinor         1
       occ  0.10000000000000D+01  0.10000000000000D+01  0.10000000000000D+01
            0.10000000000000D+01  0.10000000000000D+01  0.10000000000000D+01
            0.10000000000000D+01  0.10000000000000D+01  0.10000000000000D+01
            0.10000000000000D+01  0.10000000000000D+01  0.10000000000000D+01
            0.10000000000000D+01  0.10000000000000D+01  0.10000000000000D+01
            0.10000000000000D+01  0.10000000000000D+01  0.10000000000000D+01
            0.10000000000000D+01  0.10000000000000D+01  0.10000000000000D+01
            0.10000000000000D+01  0.10000000000000D+01  0.10000000000000D+01
            0.10000000000000D+01  0.10000000000000D+01  0.10000000000000D+01
            0.10000000000000D+01  0.10000000000000D+01  0.10000000000000D+01
            0.10000000000000D+01  0.10000000000000D+01  0.10000000000000D+01
            0.10000000000000D+01  0.10000000000000D+01  0.10000000000000D+01
            0.10000000000000D+01  0.10000000000000D+01  0.10000000000000D+01
            0.10000000000000D+01  0.10000000000000D+01  0.10000000000000D+01
            0.10000000000000D+01  0.10000000000000D+01  0.10000000000000D+01
            0.10000000000000D+01  0.10000000000000D+01  0.10000000000000D+01
            0.10000000000000D+01  0.10000000000000D+01  0.10000000000000D+01
            0.10000000000000D+01  0.10000000000000D+01  0.10000000000000D+01
            0.10000000000000D+01  0.10000000000000D+01  0.10000000000000D+01
            0.10000000000000D+01  0.10000000000000D+01  0.10000000000000D+01
            0.10000000000000D+01  0.10000000000000D+01  0.10000000000000D+01
            0.10000000000000D+01  0.10000000000000D+01  0.10000000000000D+01
            0.10000000000000D+01  0.10000000000000D+01  0.10000000000000D+01
            0.10000000000000D+01  0.10000000000000D+01  0.10000000000000D+01
            0.10000000000000D+01  0.10000000000000D+01  0.10000000000000D+01
            0.10000000000000D+01  0.10000000000000D+01  0.10000000000000D+01
            0.10000000000000D+01  0.10000000000000D+01  0.10000000000000D+01
            0.10000000000000D+01  0.10000000000000D+01  0.10000000000000D+01
            0.10000000000000D+01  0.10000000000000D+01  0.10000000000000D+01
            0.10000000000000D+01  0.10000000000000D+01  0.10000000000000D+01
            0.10000000000000D+01  0.10000000000000D+01  0.10000000000000D+01
            0.10000000000000D+01  0.10000000000000D+01  0.10000000000000D+01
            0.10000000000000D+01  0.10000000000000D+01  0.10000000000000D+01
            0.10000000000000D+01  0.10000000000000D+01  0.10000000000000D+01
            0.10000000000000D+01  0.10000000000000D+01  0.10000000000000D+01
            0.10000000000000D+01  0.10000000000000D+01  0.10000000000000D+01
            0.10000000000000D+01  0.10000000000000D+01  0.10000000000000D+01
            0.10000000000000D+01  0.10000000000000D+01  0.10000000000000D+01
            0.10000000000000D+01  0.10000000000000D+01  0.10000000000000D+01
            0.10000000000000D+01  0.10000000000000D+01  0.10000000000000D+01
            0.10000000000000D+01  0.10000000000000D+01  0.10000000000000D+01
            0.10000000000000D+01  0.10000000000000D+01  0.10000000000000D+01
            0.10000000000000D+01  0.10000000000000D+01  0.10000000000000D+01
            0.10000000000000D+01  0.10000000000000D+01  0.10000000000000D+01
            0.10000000000000D+01  0.10000000000000D+01  0.10000000000000D+01
            0.10000000000000D+01  0.10000000000000D+01  0.10000000000000D+01
            0.00000000000000D+00  0.10000000000000D+01  0.00000000000000D+00
            0.00000000000000D+00  0.00000000000000D+00  0.00000000000000D+00
            0.00000000000000D+00  0.00000000000000D+00  0.00000000000000D+00
            0.00000000000000D+00  0.00000000000000D+00  0.00000000000000D+00
            0.00000000000000D+00  0.00000000000000D+00  0.00000000000000D+00
            0.00000000000000D+00  0.00000000000000D+00  0.00000000000000D+00
            0.00000000000000D+00  0.00000000000000D+00  0.00000000000000D+00
            0.00000000000000D+00  0.00000000000000D+00  0.00000000000000D+00
            0.00000000000000D+00  0.00000000000000D+00  0.00000000000000D+00
            0.00000000000000D+00  0.00000000000000D+00  0.00000000000000D+00
            0.00000000000000D+00  0.00000000000000D+00  0.00000000000000D+00
            0.00000000000000D+00  0.00000000000000D+00  0.00000000000000D+00
            0.00000000000000D+00  0.00000000000000D+00  0.00000000000000D+00
            0.00000000000000D+00  0.00000000000000D+00  0.00000000000000D+00
     rprim  0.14852017169900D+02  0.72879070107000D-04  0.00000000000000D+00
            0.72879070106000D-04  0.14851410310900D+02  0.00000000000000D+00
            0.00000000000000D+00  0.00000000000000D+00  0.18084519032000D+02
  dfpt_sciss  0.00000000000000D+00
    spinat  0.00000000000000D+00  0.00000000000000D+00  0.70000000000000D+01
            0.00000000000000D+00  0.00000000000000D+00  0.00000000000000D+00
            0.00000000000000D+00  0.00000000000000D+00  0.00000000000000D+00
            0.00000000000000D+00  0.00000000000000D+00  0.00000000000000D+00
            0.00000000000000D+00  0.00000000000000D+00  0.00000000000000D+00
            0.00000000000000D+00  0.00000000000000D+00  0.00000000000000D+00
            0.00000000000000D+00  0.00000000000000D+00  0.00000000000000D+00
            0.00000000000000D+00  0.00000000000000D+00  0.00000000000000D+00
            0.00000000000000D+00  0.00000000000000D+00  0.00000000000000D+00
            0.00000000000000D+00  0.00000000000000D+00  0.00000000000000D+00
            0.00000000000000D+00  0.00000000000000D+00  0.00000000000000D+00
            0.00000000000000D+00  0.00000000000000D+00  0.00000000000000D+00
            0.00000000000000D+00  0.00000000000000D+00  0.00000000000000D+00
            0.00000000000000D+00  0.00000000000000D+00  0.00000000000000D+00
            0.00000000000000D+00  0.00000000000000D+00  0.00000000000000D+00
            0.00000000000000D+00  0.00000000000000D+00  0.00000000000000D+00
            0.00000000000000D+00  0.00000000000000D+00  0.00000000000000D+00
            0.00000000000000D+00  0.00000000000000D+00  0.00000000000000D+00
            0.00000000000000D+00  0.00000000000000D+00  0.00000000000000D+00
            0.00000000000000D+00  0.00000000000000D+00  0.00000000000000D+00
            0.00000000000000D+00  0.00000000000000D+00  0.00000000000000D+00
            0.00000000000000D+00  0.00000000000000D+00  0.00000000000000D+00
            0.00000000000000D+00  0.00000000000000D+00  0.00000000000000D+00
            0.00000000000000D+00  0.00000000000000D+00  0.00000000000000D+00
            0.00000000000000D+00  0.00000000000000D+00  0.00000000000000D+00
            0.00000000000000D+00  0.00000000000000D+00  0.00000000000000D+00
            0.00000000000000D+00  0.00000000000000D+00  0.00000000000000D+00
            0.00000000000000D+00  0.00000000000000D+00  0.00000000000000D+00
            0.00000000000000D+00  0.00000000000000D+00  0.00000000000000D+00
            0.00000000000000D+00  0.00000000000000D+00  0.00000000000000D+00
            0.00000000000000D+00  0.00000000000000D+00  0.00000000000000D+00
            0.00000000000000D+00  0.00000000000000D+00  0.00000000000000D+00
            0.00000000000000D+00  0.00000000000000D+00  0.00000000000000D+00
            0.00000000000000D+00  0.00000000000000D+00  0.00000000000000D+00
            0.00000000000000D+00  0.00000000000000D+00  0.00000000000000D+00
            0.00000000000000D+00  0.00000000000000D+00  0.00000000000000D+00
            0.00000000000000D+00  0.00000000000000D+00  0.00000000000000D+00
            0.00000000000000D+00  0.00000000000000D+00  0.00000000000000D+00
            0.00000000000000D+00  0.00000000000000D+00  0.00000000000000D+00
            0.00000000000000D+00  0.00000000000000D+00  0.00000000000000D+00
            0.00000000000000D+00  0.00000000000000D+00  0.00000000000000D+00
            0.00000000000000D+00  0.00000000000000D+00  0.00000000000000D+00
            0.00000000000000D+00  0.00000000000000D+00  0.00000000000000D+00
            0.00000000000000D+00  0.00000000000000D+00  0.00000000000000D+00
            0.00000000000000D+00  0.00000000000000D+00  0.00000000000000D+00
            0.00000000000000D+00  0.00000000000000D+00  0.00000000000000D+00
            0.00000000000000D+00  0.00000000000000D+00  0.00000000000000D+00
            0.00000000000000D+00  0.00000000000000D+00  0.00000000000000D+00
            0.00000000000000D+00  0.00000000000000D+00  0.00000000000000D+00
            0.00000000000000D+00  0.00000000000000D+00  0.00000000000000D+00
            0.00000000000000D+00  0.00000000000000D+00  0.00000000000000D+00
            0.00000000000000D+00  0.00000000000000D+00  0.00000000000000D+00
            0.00000000000000D+00  0.00000000000000D+00  0.00000000000000D+00
            0.00000000000000D+00  0.00000000000000D+00  0.00000000000000D+00
    symafm         1    1    1    1
    symrel         1    0    0    0    1    0    0    0    1
                  -1    0    0    0   -1    0    0    0   -1
                  -1    0    0    0   -1    0    0    0    1
                   1    0    0    0    1    0    0    0   -1
     tnons  0.00000000000000D+00  0.00000000000000D+00  0.00000000000000D+00
           -0.22204460492503D-15  0.58926410649286D-21  0.33333333340000D+00
           -0.22204460492503D-15  0.58926410649286D-21  0.00000000000000D+00
            0.00000000000000D+00  0.00000000000000D+00  0.33333333340000D+00
    tolwfr  0.10000000000000D+01
   tphysel  0.00000000000000D+00
    tsmear  0.10000000000000D-01
     typat         1    2    2    2    2    2    3    3    3    3    3    3
                   3    3    3    3    3    3    4    4    4    4    4    4
                   4    4    4    4    4    4    5    5    5    5    5    5
                   5    5    5    5    5    5    6    6    6    6    6    6
                   6    6    6    6    6    6
       wtk  0.10000000000000D+01
      xred  0.50000000000000D+00  0.29463205324643D-21  0.16666666670000D+00
            0.50000000000000D+00  0.29463205324643D-21  0.50003145300000D+00
            0.50000000000000D+00  0.29463205324643D-21  0.83330188040000D+00
           -0.55511151231258D-16  0.50000000000000D+00  0.10522699531008D-04
           -0.55511151231258D-16  0.50000000000000D+00  0.33332281070047D+00
           -0.55511151231258D-16  0.50000000000000D+00  0.66666666670000D+00
            0.12059938580000D+00  0.82925956760000D+00  0.16666666670000D+00
            0.12061888485000D+00  0.82913506210000D+00  0.50021617840000D+00
            0.12061888485000D+00  0.82913506210000D+00  0.83311715500000D+00
            0.87940061420000D+00  0.17074043240000D+00  0.16666666670000D+00
            0.87938111515000D+00  0.17086493790000D+00  0.50021617840000D+00
            0.87938111515000D+00  0.17086493790000D+00  0.83311715500000D+00
            0.17070532040000D+00  0.12077383210000D+00 -0.15432304597976D-04
            0.17070532040000D+00  0.12077383210000D+00  0.33334876570460D+00
            0.17079467060000D+00  0.12082242360000D+00  0.66666666670000D+00
            0.82929467960000D+00  0.87922616790000D+00 -0.15432304597976D-04
            0.82929467960000D+00  0.87922616790000D+00  0.33334876570460D+00
            0.82920532940000D+00  0.87917757640000D+00  0.66666666670000D+00
            0.34950242420000D+00  0.68399729290000D+00  0.45978910250483D-04
            0.34950242420000D+00  0.68399729290000D+00  0.33328735448975D+00
            0.34965923670000D+00  0.68409128750000D+00  0.66666666670000D+00
            0.65049757580000D+00  0.31600270710000D+00  0.45978910250483D-04
            0.65049757580000D+00  0.31600270710000D+00  0.33328735448975D+00
            0.65034076330000D+00  0.31590871250000D+00  0.66666666670000D+00
            0.31605282220000D+00  0.34948089270000D+00  0.16666666670000D+00
            0.31594593860000D+00  0.34979546810000D+00  0.50015888580000D+00
            0.31594593860000D+00  0.34979546810000D+00  0.83317444760000D+00
            0.68394717780000D+00  0.65051910730000D+00  0.16666666670000D+00
            0.68405406140000D+00  0.65020453190000D+00  0.50015888580000D+00
            0.68405406140000D+00  0.65020453190000D+00  0.83317444760000D+00
            0.58360244740000D+00  0.73526141550000D+00 -0.20629828021501D-03
            0.58360244740000D+00  0.73526141550000D+00  0.33353963168021D+00
            0.58365013880000D+00  0.73569921340000D+00  0.66666666670000D+00
            0.41639755260000D+00  0.26473858450000D+00 -0.20629828021501D-03
            0.41639755260000D+00  0.26473858450000D+00  0.33353963168021D+00
            0.41634986120000D+00  0.26430078660000D+00  0.66666666670000D+00
            0.26421690870000D+00  0.58356564650000D+00  0.16666666670000D+00
            0.26425517790000D+00  0.58375404650000D+00  0.50003298080000D+00
            0.26425517790000D+00  0.58375404650000D+00  0.83330035260000D+00
            0.73578309130000D+00  0.41643435350000D+00  0.16666666670000D+00
            0.73574482210000D+00  0.41624595350000D+00  0.50003298080000D+00
            0.73574482210000D+00  0.41624595350000D+00  0.83330035260000D+00
            0.24659016210000D+00  0.89025663280000D+00 -0.26667699260997D-03
            0.24659016210000D+00  0.89025663280000D+00  0.33360001039261D+00
            0.24745207460000D+00  0.89058010610000D+00  0.66666666670000D+00
            0.75340983790000D+00  0.10974336720000D+00 -0.26667699260997D-03
            0.75340983790000D+00  0.10974336720000D+00  0.33360001039261D+00
            0.75254792540000D+00  0.10941989390000D+00  0.66666666670000D+00
            0.10968036020000D+00  0.24730599430000D+00  0.16666666670000D+00
            0.10959664490000D+00  0.24749670000000D+00  0.50008290320000D+00
            0.10959664490000D+00  0.24749670000000D+00  0.83325043020000D+00
            0.89031963980000D+00  0.75269400570000D+00  0.16666666670000D+00
            0.89040335510000D+00  0.75250330000000D+00  0.50008290320000D+00
            0.89040335510000D+00  0.75250330000000D+00  0.83325043020000D+00
     znucl  0.63000000000000D+02  0.38000000000000D+02  0.30000000000000D+01
            0.13000000000000D+02  0.70000000000000D+01  0.80000000000000D+01
      zion  0.17000000000000D+02  0.10000000000000D+02  0.30000000000000D+01
            0.30000000000000D+01  0.50000000000000D+01  0.60000000000000D+01
 
 No information on the potentials yet 
 
 **** Database of total energy derivatives ****
 Number of data blocks=    2
  
 1st derivatives              - # elements :     168
   1   1  0.00000000000000D+00  0.00000000000000D+00
   2   1  0.00000000000000D+00  0.00000000000000D+00
   3   1  0.00000000000000D+00  0.00000000000000D+00
   1   2  0.00000000000000D+00  0.00000000000000D+00
   2   2  0.00000000000000D+00  0.00000000000000D+00
   3   2 -0.63585581729157D-01  0.00000000000000D+00
   1   3  0.00000000000000D+00  0.00000000000000D+00
   2   3  0.00000000000000D+00  0.00000000000000D+00
   3   3  0.63585581729157D-01  0.00000000000000D+00
   1   4  0.00000000000000D+00  0.00000000000000D+00
   2   4  0.00000000000000D+00  0.00000000000000D+00
   3   4  0.10642076763828D-01  0.00000000000000D+00
   1   5  0.00000000000000D+00  0.00000000000000D+00
   2   5  0.00000000000000D+00  0.00000000000000D+00
   3   5 -0.10642076763828D-01  0.00000000000000D+00
   1   6  0.00000000000000D+00  0.00000000000000D+00
   2   6  0.00000000000000D+00  0.00000000000000D+00
   3   6  0.00000000000000D+00  0.00000000000000D+00
   1   7  0.34919071585018D-02  0.00000000000000D+00
   2   7  0.22366695010906D-01  0.00000000000000D+00
   3   7  0.00000000000000D+00  0.00000000000000D+00
   1   8 -0.38493458708070D-02  0.00000000000000D+00
   2   8  0.68912814386330D-02  0.00000000000000D+00
   3   8 -0.23580773886160D-01  0.00000000000000D+00
   1   9 -0.38493458708070D-02  0.00000000000000D+00
   2   9  0.68912814386330D-02  0.00000000000000D+00
   3   9  0.23580773886160D-01  0.00000000000000D+00
   1  10 -0.34919071585018D-02  0.00000000000000D+00
   2  10 -0.22366695010906D-01  0.00000000000000D+00
   3  10  0.00000000000000D+00  0.00000000000000D+00
   1  11  0.38493458708070D-02  0.00000000000000D+00
   2  11 -0.68912814386330D-02  0.00000000000000D+00
   3  11 -0.23580773886160D-01  0.00000000000000D+00
   1  12  0.38493458708070D-02  0.00000000000000D+00
   2  12 -0.68912814386330D-02  0.00000000000000D+00
   3  12  0.23580773886160D-01  0.00000000000000D+00
   1  13 -0.33188069280589D-02  0.00000000000000D+00
   2  13 -0.12596311249922D-01  0.00000000000000D+00
   3  13  0.21170507325868D-01  0.00000000000000D+00
   1  14 -0.33188069280589D-02  0.00000000000000D+00
   2  14 -0.12596311249922D-01  0.00000000000000D+00
   3  14 -0.21170507325868D-01  0.00000000000000D+00
   1  15 -0.22637315450589D-01  0.00000000000000D+00
   2  15  0.49692693262689D-02  0.00000000000000D+00
   3  15  0.00000000000000D+00  0.00000000000000D+00
   1  16  0.33188069280589D-02  0.00000000000000D+00
   2  16  0.12596311249922D-01  0.00000000000000D+00
   3  16  0.21170507325868D-01  0.00000000000000D+00
   1  17  0.33188069280589D-02  0.00000000000000D+00
   2  17  0.12596311249922D-01  0.00000000000000D+00
   3  17 -0.21170507325868D-01  0.00000000000000D+00
   1  18  0.22637315450589D-01  0.00000000000000D+00
   2  18 -0.49692693262689D-02  0.00000000000000D+00
   3  18  0.00000000000000D+00  0.00000000000000D+00
   1  19  0.13886202875626D-01  0.00000000000000D+00
   2  19  0.19846502036940D-01  0.00000000000000D+00
   3  19  0.64714628318630D-02  0.00000000000000D+00
   1  20  0.13886202875626D-01  0.00000000000000D+00
   2  20  0.19846502036940D-01  0.00000000000000D+00
   3  20 -0.64714628318630D-02  0.00000000000000D+00
   1  21 -0.31345419967427D-01  0.00000000000000D+00
   2  21 -0.40574152159521D-01  0.00000000000000D+00
   3  21  0.00000000000000D+00  0.00000000000000D+00
   1  22 -0.13886202875626D-01  0.00000000000000D+00
   2  22 -0.19846502036940D-01  0.00000000000000D+00
   3  22  0.64714628318630D-02  0.00000000000000D+00
   1  23 -0.13886202875626D-01  0.00000000000000D+00
   2  23 -0.19846502036940D-01  0.00000000000000D+00
   3  23 -0.64714628318630D-02  0.00000000000000D+00
   1  24  0.31345419967427D-01  0.00000000000000D+00
   2  24  0.40574152159521D-01  0.00000000000000D+00
   3  24  0.00000000000000D+00  0.00000000000000D+00
   1  25  0.50765161203327D-03  0.00000000000000D+00
   2  25 -0.32354442814392D-01  0.00000000000000D+00
   3  25  0.00000000000000D+00  0.00000000000000D+00
   1  26  0.45696198966774D-03  0.00000000000000D+00
   2  26  0.31610927872310D-01  0.00000000000000D+00
   3  26 -0.77241277936330D-01  0.00000000000000D+00
   1  27  0.45696198966774D-03  0.00000000000000D+00
   2  27  0.31610927872310D-01  0.00000000000000D+00
   3  27  0.77241277936330D-01  0.00000000000000D+00
   1  28 -0.50765161203327D-03  0.00000000000000D+00
   2  28  0.32354442814392D-01  0.00000000000000D+00
   3  28  0.00000000000000D+00  0.00000000000000D+00
   1  29 -0.45696198966774D-03  0.00000000000000D+00
   2  29 -0.31610927872310D-01  0.00000000000000D+00
   3  29 -0.77241277936330D-01  0.00000000000000D+00
   1  30 -0.45696198966774D-03  0.00000000000000D+00
   2  30 -0.31610927872310D-01  0.00000000000000D+00
   3  30  0.77241277936330D-01  0.00000000000000D+00
   1  31  0.48473654543353D-01  0.00000000000000D+00
   2  31 -0.92773220538035D-01  0.00000000000000D+00
   3  31 -0.12468037142168D+00  0.00000000000000D+00
   1  32  0.48473654543353D-01  0.00000000000000D+00
   2  32 -0.92773220538035D-01  0.00000000000000D+00
   3  32  0.12468037142168D+00  0.00000000000000D+00
   1  33  0.58999586857125D-02  0.00000000000000D+00
   2  33  0.45576027726009D-01  0.00000000000000D+00
   3  33  0.00000000000000D+00  0.00000000000000D+00
   1  34 -0.48473654543353D-01  0.00000000000000D+00
   2  34  0.92773220538035D-01  0.00000000000000D+00
   3  34 -0.12468037142168D+00  0.00000000000000D+00
   1  35 -0.48473654543353D-01  0.00000000000000D+00
   2  35  0.92773220538035D-01  0.00000000000000D+00
   3  35  0.12468037142168D+00  0.00000000000000D+00
   1  36 -0.58999586857125D-02  0.00000000000000D+00
   2  36 -0.45576027726009D-01  0.00000000000000D+00
   3  36  0.00000000000000D+00  0.00000000000000D+00
   1  37  0.98213226333194D-02  0.00000000000000D+00
   2  37  0.31063132437509D-01  0.00000000000000D+00
   3  37  0.00000000000000D+00  0.00000000000000D+00
   1  38 -0.71497766552566D-02  0.00000000000000D+00
   2  38  0.29550937736538D-01  0.00000000000000D+00
   3  38  0.54386621415231D-01  0.00000000000000D+00
   1  39 -0.71497766552566D-02  0.00000000000000D+00
   2  39  0.29550937736538D-01  0.00000000000000D+00
   3  39 -0.54386621415231D-01  0.00000000000000D+00
   1  40 -0.98213226333194D-02  0.00000000000000D+00
   2  40 -0.31063132437509D-01  0.00000000000000D+00
   3  40  0.00000000000000D+00  0.00000000000000D+00
   1  41  0.71497766552566D-02  0.00000000000000D+00
   2  41 -0.29550937736538D-01  0.00000000000000D+00
   3  41  0.54386621415231D-01  0.00000000000000D+00
   1  42  0.71497766552566D-02  0.00000000000000D+00
   2  42 -0.29550937736538D-01  0.00000000000000D+00
   3  42 -0.54386621415231D-01  0.00000000000000D+00
   1  43 -0.41197598339190D-01  0.00000000000000D+00
   2  43 -0.48971337452896D-01  0.00000000000000D+00
   3  43 -0.12390324831785D+00  0.00000000000000D+00
   1  44 -0.41197598339190D-01  0.00000000000000D+00
   2  44 -0.48971337452896D-01  0.00000000000000D+00
   3  44  0.12390324831785D+00  0.00000000000000D+00
   1  45  0.62712704835295D-01  0.00000000000000D+00
   2  45  0.23173521207124D-01  0.00000000000000D+00
   3  45  0.00000000000000D+00  0.00000000000000D+00
   1  46  0.41197598339190D-01  0.00000000000000D+00
   2  46  0.48971337452896D-01  0.00000000000000D+00
   3  46 -0.12390324831785D+00  0.00000000000000D+00
   1  47  0.41197598339190D-01  0.00000000000000D+00
   2  47  0.48971337452896D-01  0.00000000000000D+00
   3  47  0.12390324831785D+00  0.00000000000000D+00
   1  48 -0.62712704835295D-01  0.00000000000000D+00
   2  48 -0.23173521207124D-01  0.00000000000000D+00
   3  48  0.00000000000000D+00  0.00000000000000D+00
   1  49  0.28936805218116D-02  0.00000000000000D+00
   2  49  0.34514043412326D-01  0.00000000000000D+00
   3  49  0.00000000000000D+00  0.00000000000000D+00
   1  50  0.22137592439139D-01  0.00000000000000D+00
   2  50  0.13993073114937D-01  0.00000000000000D+00
   3  50  0.26611734253652D-01  0.00000000000000D+00
   1  51  0.22137592439139D-01  0.00000000000000D+00
   2  51  0.13993073114937D-01  0.00000000000000D+00
   3  51 -0.26611734253652D-01  0.00000000000000D+00
   1  52 -0.28936805218116D-02  0.00000000000000D+00
   2  52 -0.34514043412326D-01  0.00000000000000D+00
   3  52  0.00000000000000D+00  0.00000000000000D+00
   1  53 -0.22137592439139D-01  0.00000000000000D+00
   2  53 -0.13993073114937D-01  0.00000000000000D+00
   3  53  0.26611734253652D-01  0.00000000000000D+00
   1  54 -0.22137592439139D-01  0.00000000000000D+00
   2  54 -0.13993073114937D-01  0.00000000000000D+00
   3  54 -0.26611734253652D-01  0.00000000000000D+00
   1  57  0.22729738187074D-02  0.00000000000000D+00
   2  57  0.22888847971975D-02  0.00000000000000D+00
   3  57  0.23327065366209D-02  0.00000000000000D+00
   1  58  0.00000000000000D+00  0.00000000000000D+00
   2  58  0.00000000000000D+00  0.00000000000000D+00
   3  58 -0.61072287945504D-05  0.00000000000000D+00
  
 Total energy                 - # elements :       1
 -0.68031492889544D+03  0.00000000000000D+00
