 Fermi (or HOMO) energy (hartree) =   0.28789   Average Vxc (hartree)=  -0.37946
 Eigenvalues (hartree) for nkpt=   1  k points, SPIN UP:
 kpt#   1, nband=180, wtk=  1.00000, kpt=  0.0000  0.0000  0.0000 (reduced coord)
  -1.40697   -1.40632   -1.40613   -1.40597   -1.40592   -1.40573   -1.40397   -1.40357
  -1.40355   -1.40352   -1.40043   -1.40029   -1.33640   -1.03066   -1.02626   -1.02596
  -1.01529   -1.01223   -0.55090   -0.54978   -0.54716   -0.45998   -0.45528   -0.45291
  -0.45282   -0.45237   -0.45072   -0.44846   -0.44788   -0.44683   -0.44627   -0.44399
  -0.44170   -0.39517   -0.38387   -0.38319   -0.38015   -0.37851   -0.37824   -0.37254
  -0.36813   -0.36447   -0.36428   -0.35766   -0.35309   -0.34882   -0.34843   -0.34774
  -0.34212   -0.31388   -0.31046   -0.30635   -0.29987   -0.29908   -0.29654   -0.29590
  -0.29370   -0.28917   -0.28776   -0.28356   -0.00592   -0.00407   -0.00297   -0.00025
   0.00930    0.01309    0.01932    0.01943    0.02294    0.02352    0.02603    0.02735
   0.02829    0.02901    0.03175    0.03186    0.03415    0.03976    0.04055    0.04827
   0.05735    0.06932    0.07067    0.07212    0.07392    0.07478    0.07478    0.07608
   0.07647    0.07912    0.08594    0.08962    0.09154    0.09270    0.09279    0.09386
   0.09763    0.09789    0.10061    0.11021    0.11169    0.11507    0.11532    0.11737
   0.11836    0.12039    0.12053    0.12264    0.12369    0.12505    0.13121    0.13142
   0.13595    0.13957    0.13965    0.14113    0.14137    0.14232    0.14280    0.14320
   0.14570    0.14698    0.15076    0.15250    0.15511    0.15557    0.15740    0.15984
   0.16211    0.16261    0.16448    0.16503    0.17035    0.18113    0.18113    0.18144
   0.18314    0.18808    0.22356    0.28789    0.30860    0.31844    0.33375    0.34273
   0.36161    0.37086    0.38366    0.38904    0.39272    0.39619    0.39786    0.40490
   0.41187    0.41225    0.41441    0.41637    0.41829    0.42163    0.42402    0.42473
   0.43090    0.43203    0.43306    0.43986    0.44636    0.44778    0.44802    0.45073
   0.45160    0.45555    0.45955    0.46068    0.46306    0.46344    0.47674    0.47723
   0.49199    0.49548    0.50178    0.50289
 Eigenvalues (hartree) for nkpt=   1  k points, SPIN DOWN:
 kpt#   1, nband=180, wtk=  1.00000, kpt=  0.0000  0.0000  0.0000 (reduced coord)
  -1.40694   -1.40629   -1.40610   -1.40595   -1.40589   -1.40570   -1.40401   -1.40361
  -1.40358   -1.40356   -1.40046   -1.40033   -1.22995   -1.03038   -1.02599   -1.02574
  -1.01357   -1.01062   -0.48638   -0.47594   -0.47518   -0.45938   -0.45559   -0.45357
  -0.45232   -0.45041   -0.44838   -0.44781   -0.44751   -0.44681   -0.44377   -0.43415
  -0.43316   -0.39485   -0.38319   -0.38261   -0.37837   -0.37819   -0.37796   -0.36827
  -0.36679   -0.36424   -0.36415   -0.35750   -0.35198   -0.34793   -0.34771   -0.34234
  -0.34232   -0.31391   -0.31037   -0.30474   -0.30009   -0.29984   -0.29654   -0.29621
  -0.29384   -0.28904   -0.28789   -0.28354   -0.00529    0.01046    0.01186    0.01963
   0.02060    0.02308    0.02319    0.03069    0.03162    0.03210    0.03221    0.03887
   0.03916    0.04865    0.05750    0.07000    0.07138    0.07296    0.07362    0.07479
   0.07489    0.07623    0.07790    0.07934    0.08705    0.09043    0.09161    0.09255
   0.09275    0.09421    0.09781    0.09803    0.10044    0.11091    0.11181    0.11518
   0.11559    0.11687    0.11826    0.12041    0.12090    0.12282    0.12365    0.12499
   0.13163    0.13207    0.13597    0.13971    0.14041    0.14052    0.14103    0.14175
   0.14271    0.14329    0.14562    0.14704    0.15088    0.15247    0.15503    0.15535
   0.15740    0.15994    0.16204    0.16234    0.16432    0.16485    0.16998    0.18076
   0.18118    0.18247    0.18342    0.18811    0.31783    0.32139    0.32469    0.34740
   0.35421    0.35812    0.36483    0.37556    0.38496    0.39549    0.39648    0.39980
   0.40338    0.40555    0.40800    0.40846    0.41066    0.41346    0.41626    0.41679
   0.41729    0.41822    0.42297    0.42310    0.42684    0.42916    0.43501    0.43541
   0.43710    0.43714    0.43857    0.44471    0.44898    0.45062    0.45127    0.45431
   0.45661    0.46063    0.46426    0.46455    0.46598    0.46742    0.48262    0.48967
   0.49660    0.49846    0.50327    0.50704
