 Fermi (or HOMO) energy (hartree) =   0.29131   Average Vxc (hartree)=  -0.37947
 Eigenvalues (hartree) for nkpt=   1  k points, SPIN UP:
 kpt#   1, nband=180, wtk=  1.00000, kpt=  0.0000  0.0000  0.0000 (reduced coord)
  -1.40652   -1.40644   -1.40608   -1.40603   -1.40459   -1.40397   -1.40393   -1.40392
  -1.40339   -1.40321   -1.40292   -1.40282   -1.33031   -1.03142   -1.02682   -1.02522
  -1.01656   -1.01339   -0.54612   -0.54431   -0.54266   -0.45974   -0.45442   -0.45218
  -0.45146   -0.45134   -0.45122   -0.44838   -0.44778   -0.44769   -0.44560   -0.44373
  -0.44150   -0.39518   -0.38447   -0.38322   -0.38175   -0.37918   -0.37767   -0.37459
  -0.36942   -0.36579   -0.36369   -0.35795   -0.35447   -0.35102   -0.34856   -0.34836
  -0.34179   -0.31266   -0.31076   -0.30524   -0.30022   -0.29793   -0.29636   -0.29583
  -0.29375   -0.29141   -0.28749   -0.28440   -0.00591    0.00020    0.00072    0.00404
   0.00977    0.01355    0.02054    0.02078    0.02203    0.02392    0.02845    0.02994
   0.03016    0.03118    0.03217    0.03253    0.03654    0.04002    0.04135    0.04826
   0.05716    0.06895    0.07124    0.07173    0.07423    0.07465    0.07473    0.07617
   0.07766    0.07830    0.08559    0.08871    0.09094    0.09303    0.09353    0.09439
   0.09771    0.09795    0.09978    0.10947    0.11254    0.11505    0.11529    0.11865
   0.11970    0.12034    0.12045    0.12279    0.12312    0.12419    0.13028    0.13098
   0.13691    0.13890    0.14019    0.14190    0.14249    0.14253    0.14332    0.14333
   0.14475    0.14594    0.15060    0.15255    0.15483    0.15569    0.15750    0.15877
   0.16143    0.16302    0.16401    0.16412    0.17035    0.18044    0.18075    0.18085
   0.18359    0.18606    0.23135    0.29131    0.31352    0.31876    0.33448    0.34355
   0.36040    0.37165    0.38161    0.39297    0.39693    0.39838    0.40201    0.41221
   0.41234    0.41286    0.41342    0.41659    0.41809    0.42039    0.42604    0.42637
   0.43016    0.43084    0.43147    0.44050    0.44634    0.44641    0.44867    0.44891
   0.45145    0.45617    0.45980    0.46044    0.46202    0.46255    0.47569    0.48011
   0.49197    0.49480    0.49914    0.50328
 Eigenvalues (hartree) for nkpt=   1  k points, SPIN DOWN:
 kpt#   1, nband=180, wtk=  1.00000, kpt=  0.0000  0.0000  0.0000 (reduced coord)
  -1.40653   -1.40645   -1.40610   -1.40604   -1.40459   -1.40396   -1.40393   -1.40391
  -1.40339   -1.40320   -1.40292   -1.40282   -1.22486   -1.03109   -1.02650   -1.02489
  -1.01471   -1.01166   -0.48550   -0.47517   -0.47139   -0.45902   -0.45465   -0.45190
  -0.45124   -0.45120   -0.44880   -0.44827   -0.44774   -0.44737   -0.44546   -0.42961
  -0.42820   -0.39476   -0.38370   -0.38240   -0.37968   -0.37879   -0.37728   -0.37006
  -0.36784   -0.36562   -0.36346   -0.35774   -0.35325   -0.34978   -0.34792   -0.34269
  -0.34193   -0.31254   -0.31055   -0.30315   -0.30039   -0.29859   -0.29640   -0.29605
  -0.29376   -0.29114   -0.28741   -0.28434   -0.00528    0.01089    0.01180    0.02099
   0.02170    0.02231    0.02291    0.03015    0.03170    0.03221    0.03260    0.03848
   0.03900    0.04880    0.05735    0.06969    0.07180    0.07252    0.07384    0.07476
   0.07486    0.07751    0.07811    0.07864    0.08668    0.08956    0.09104    0.09312
   0.09343    0.09482    0.09789    0.09805    0.09963    0.11016    0.11277    0.11484
   0.11589    0.11806    0.11979    0.12032    0.12093    0.12300    0.12309    0.12408
   0.13086    0.13170    0.13697    0.13986    0.14023    0.14160    0.14175    0.14261
   0.14263    0.14328    0.14472    0.14608    0.15081    0.15255    0.15470    0.15555
   0.15751    0.15890    0.16158    0.16266    0.16385    0.16398    0.16994    0.18004
   0.18064    0.18216    0.18398    0.18614    0.31820    0.32152    0.32598    0.34927
   0.35502    0.35900    0.36677    0.37618    0.38329    0.39593    0.39873    0.40339
   0.40400    0.40906    0.41059    0.41228    0.41503    0.41600    0.41719    0.41759
   0.41910    0.42019    0.42268    0.42505    0.42870    0.42935    0.43613    0.43719
   0.43792    0.43881    0.43892    0.44655    0.44772    0.45145    0.45181    0.45285
   0.45678    0.46048    0.46377    0.46570    0.46573    0.46659    0.48416    0.49382
   0.49648    0.49937    0.50127    0.50723
