
 **** DERIVATIVE DATABASE ****    
+DDB, Version number  20230401

  Note : temporary (transfer) database

    usepaw         1
     natom        54
      nkpt         1
    nsppol         2
      nsym         4
    ntypat         6
    occopt         2
     nband       180
     acell  0.10000000000000D+01  0.10000000000000D+01  0.10000000000000D+01
       amu  0.15196500000000D+03  0.87620000000000D+02  0.69410000000000D+01
            0.26981539000000D+02  0.14006740000000D+02  0.15999400000000D+02
   dilatmx  0.10000000000000D+01
      ecut  0.10000000000000D+02
 pawecutdg  0.20000000000000D+02
    ecutsm  0.00000000000000D+00
     intxc         0
      iscf        17
       ixc   -101130
       kpt  0.00000000000000D+00  0.00000000000000D+00  0.00000000000000D+00
    kptnrm  0.10000000000000D+01
     ngfft        45   48   54
    nspden         2
   nspinor         1
       occ  0.10000000000000D+01  0.10000000000000D+01  0.10000000000000D+01
            0.10000000000000D+01  0.10000000000000D+01  0.10000000000000D+01
            0.10000000000000D+01  0.10000000000000D+01  0.10000000000000D+01
            0.10000000000000D+01  0.10000000000000D+01  0.10000000000000D+01
            0.10000000000000D+01  0.10000000000000D+01  0.10000000000000D+01
            0.10000000000000D+01  0.10000000000000D+01  0.10000000000000D+01
            0.10000000000000D+01  0.10000000000000D+01  0.10000000000000D+01
            0.10000000000000D+01  0.10000000000000D+01  0.10000000000000D+01
            0.10000000000000D+01  0.10000000000000D+01  0.10000000000000D+01
            0.10000000000000D+01  0.10000000000000D+01  0.10000000000000D+01
            0.10000000000000D+01  0.10000000000000D+01  0.10000000000000D+01
            0.10000000000000D+01  0.10000000000000D+01  0.10000000000000D+01
            0.10000000000000D+01  0.10000000000000D+01  0.10000000000000D+01
            0.10000000000000D+01  0.10000000000000D+01  0.10000000000000D+01
            0.10000000000000D+01  0.10000000000000D+01  0.10000000000000D+01
            0.10000000000000D+01  0.10000000000000D+01  0.10000000000000D+01
            0.10000000000000D+01  0.10000000000000D+01  0.10000000000000D+01
            0.10000000000000D+01  0.10000000000000D+01  0.10000000000000D+01
            0.10000000000000D+01  0.10000000000000D+01  0.10000000000000D+01
            0.10000000000000D+01  0.10000000000000D+01  0.10000000000000D+01
            0.10000000000000D+01  0.10000000000000D+01  0.10000000000000D+01
            0.10000000000000D+01  0.10000000000000D+01  0.10000000000000D+01
            0.10000000000000D+01  0.10000000000000D+01  0.10000000000000D+01
            0.10000000000000D+01  0.10000000000000D+01  0.10000000000000D+01
            0.10000000000000D+01  0.10000000000000D+01  0.10000000000000D+01
            0.10000000000000D+01  0.10000000000000D+01  0.10000000000000D+01
            0.10000000000000D+01  0.10000000000000D+01  0.10000000000000D+01
            0.10000000000000D+01  0.10000000000000D+01  0.10000000000000D+01
            0.10000000000000D+01  0.10000000000000D+01  0.10000000000000D+01
            0.10000000000000D+01  0.10000000000000D+01  0.10000000000000D+01
            0.10000000000000D+01  0.10000000000000D+01  0.10000000000000D+01
            0.10000000000000D+01  0.10000000000000D+01  0.10000000000000D+01
            0.10000000000000D+01  0.10000000000000D+01  0.10000000000000D+01
            0.10000000000000D+01  0.10000000000000D+01  0.10000000000000D+01
            0.10000000000000D+01  0.10000000000000D+01  0.10000000000000D+01
            0.10000000000000D+01  0.10000000000000D+01  0.10000000000000D+01
            0.10000000000000D+01  0.10000000000000D+01  0.10000000000000D+01
            0.10000000000000D+01  0.10000000000000D+01  0.10000000000000D+01
            0.10000000000000D+01  0.10000000000000D+01  0.10000000000000D+01
            0.10000000000000D+01  0.10000000000000D+01  0.10000000000000D+01
            0.10000000000000D+01  0.10000000000000D+01  0.10000000000000D+01
            0.10000000000000D+01  0.10000000000000D+01  0.10000000000000D+01
            0.10000000000000D+01  0.10000000000000D+01  0.10000000000000D+01
            0.10000000000000D+01  0.10000000000000D+01  0.10000000000000D+01
            0.10000000000000D+01  0.10000000000000D+01  0.10000000000000D+01
            0.10000000000000D+01  0.10000000000000D+01  0.10000000000000D+01
            0.00000000000000D+00  0.10000000000000D+01  0.00000000000000D+00
            0.00000000000000D+00  0.00000000000000D+00  0.00000000000000D+00
            0.00000000000000D+00  0.00000000000000D+00  0.00000000000000D+00
            0.00000000000000D+00  0.00000000000000D+00  0.00000000000000D+00
            0.00000000000000D+00  0.00000000000000D+00  0.00000000000000D+00
            0.00000000000000D+00  0.00000000000000D+00  0.00000000000000D+00
            0.00000000000000D+00  0.00000000000000D+00  0.00000000000000D+00
            0.00000000000000D+00  0.00000000000000D+00  0.00000000000000D+00
            0.00000000000000D+00  0.00000000000000D+00  0.00000000000000D+00
            0.00000000000000D+00  0.00000000000000D+00  0.00000000000000D+00
            0.00000000000000D+00  0.00000000000000D+00  0.00000000000000D+00
            0.00000000000000D+00  0.00000000000000D+00  0.00000000000000D+00
            0.00000000000000D+00  0.00000000000000D+00  0.00000000000000D+00
            0.00000000000000D+00  0.00000000000000D+00  0.00000000000000D+00
     rprim  0.14852017170000D+02  0.72879070107000D-04  0.00000000000000D+00
            0.72879070106000D-04  0.14851410311000D+02  0.00000000000000D+00
            0.00000000000000D+00  0.00000000000000D+00  0.18084519032000D+02
  dfpt_sciss  0.00000000000000D+00
    spinat  0.00000000000000D+00  0.00000000000000D+00  0.70000000000000D+01
            0.00000000000000D+00  0.00000000000000D+00  0.00000000000000D+00
            0.00000000000000D+00  0.00000000000000D+00  0.00000000000000D+00
            0.00000000000000D+00  0.00000000000000D+00  0.00000000000000D+00
            0.00000000000000D+00  0.00000000000000D+00  0.00000000000000D+00
            0.00000000000000D+00  0.00000000000000D+00  0.00000000000000D+00
            0.00000000000000D+00  0.00000000000000D+00  0.00000000000000D+00
            0.00000000000000D+00  0.00000000000000D+00  0.00000000000000D+00
            0.00000000000000D+00  0.00000000000000D+00  0.00000000000000D+00
            0.00000000000000D+00  0.00000000000000D+00  0.00000000000000D+00
            0.00000000000000D+00  0.00000000000000D+00  0.00000000000000D+00
            0.00000000000000D+00  0.00000000000000D+00  0.00000000000000D+00
            0.00000000000000D+00  0.00000000000000D+00  0.00000000000000D+00
            0.00000000000000D+00  0.00000000000000D+00  0.00000000000000D+00
            0.00000000000000D+00  0.00000000000000D+00  0.00000000000000D+00
            0.00000000000000D+00  0.00000000000000D+00  0.00000000000000D+00
            0.00000000000000D+00  0.00000000000000D+00  0.00000000000000D+00
            0.00000000000000D+00  0.00000000000000D+00  0.00000000000000D+00
            0.00000000000000D+00  0.00000000000000D+00  0.00000000000000D+00
            0.00000000000000D+00  0.00000000000000D+00  0.00000000000000D+00
            0.00000000000000D+00  0.00000000000000D+00  0.00000000000000D+00
            0.00000000000000D+00  0.00000000000000D+00  0.00000000000000D+00
            0.00000000000000D+00  0.00000000000000D+00  0.00000000000000D+00
            0.00000000000000D+00  0.00000000000000D+00  0.00000000000000D+00
            0.00000000000000D+00  0.00000000000000D+00  0.00000000000000D+00
            0.00000000000000D+00  0.00000000000000D+00  0.00000000000000D+00
            0.00000000000000D+00  0.00000000000000D+00  0.00000000000000D+00
            0.00000000000000D+00  0.00000000000000D+00  0.00000000000000D+00
            0.00000000000000D+00  0.00000000000000D+00  0.00000000000000D+00
            0.00000000000000D+00  0.00000000000000D+00  0.00000000000000D+00
            0.00000000000000D+00  0.00000000000000D+00  0.00000000000000D+00
            0.00000000000000D+00  0.00000000000000D+00  0.00000000000000D+00
            0.00000000000000D+00  0.00000000000000D+00  0.00000000000000D+00
            0.00000000000000D+00  0.00000000000000D+00  0.00000000000000D+00
            0.00000000000000D+00  0.00000000000000D+00  0.00000000000000D+00
            0.00000000000000D+00  0.00000000000000D+00  0.00000000000000D+00
            0.00000000000000D+00  0.00000000000000D+00  0.00000000000000D+00
            0.00000000000000D+00  0.00000000000000D+00  0.00000000000000D+00
            0.00000000000000D+00  0.00000000000000D+00  0.00000000000000D+00
            0.00000000000000D+00  0.00000000000000D+00  0.00000000000000D+00
            0.00000000000000D+00  0.00000000000000D+00  0.00000000000000D+00
            0.00000000000000D+00  0.00000000000000D+00  0.00000000000000D+00
            0.00000000000000D+00  0.00000000000000D+00  0.00000000000000D+00
            0.00000000000000D+00  0.00000000000000D+00  0.00000000000000D+00
            0.00000000000000D+00  0.00000000000000D+00  0.00000000000000D+00
            0.00000000000000D+00  0.00000000000000D+00  0.00000000000000D+00
            0.00000000000000D+00  0.00000000000000D+00  0.00000000000000D+00
            0.00000000000000D+00  0.00000000000000D+00  0.00000000000000D+00
            0.00000000000000D+00  0.00000000000000D+00  0.00000000000000D+00
            0.00000000000000D+00  0.00000000000000D+00  0.00000000000000D+00
            0.00000000000000D+00  0.00000000000000D+00  0.00000000000000D+00
            0.00000000000000D+00  0.00000000000000D+00  0.00000000000000D+00
            0.00000000000000D+00  0.00000000000000D+00  0.00000000000000D+00
            0.00000000000000D+00  0.00000000000000D+00  0.00000000000000D+00
    symafm         1    1    1    1
    symrel         1    0    0    0    1    0    0    0    1
                  -1    0    0    0   -1    0    0    0   -1
                  -1    0    0    0   -1    0    0    0    1
                   1    0    0    0    1    0    0    0   -1
     tnons  0.00000000000000D+00  0.00000000000000D+00  0.00000000000000D+00
           -0.22204460492503D-15  0.61430935993392D-21  0.33333333340000D+00
           -0.22204460492503D-15  0.61430935993392D-21  0.00000000000000D+00
            0.00000000000000D+00  0.00000000000000D+00  0.33333333340000D+00
    tolwfr  0.10000000000000D+01
   tphysel  0.00000000000000D+00
    tsmear  0.10000000000000D-01
     typat         1    2    2    2    2    2    3    3    3    3    3    3
                   3    3    3    3    3    3    4    4    4    4    4    4
                   4    4    4    4    4    4    5    5    5    5    5    5
                   5    5    5    5    5    5    6    6    6    6    6    6
                   6    6    6    6    6    6
       wtk  0.10000000000000D+01
      xred  0.50000000000000D+00  0.30715467996696D-21  0.16666666670000D+00
            0.50000000000000D+00  0.30715467996696D-21  0.50052666890000D+00
            0.50000000000000D+00  0.30715467996696D-21  0.83280666450000D+00
           -0.55511151231258D-16  0.50000000000000D+00  0.34181589965980D-04
           -0.55511151231258D-16  0.50000000000000D+00  0.33329915181003D+00
           -0.55511151231258D-16  0.50000000000000D+00  0.66666666670000D+00
            0.11996625590000D+00  0.82825689930000D+00  0.16666666670000D+00
            0.12102395200000D+00  0.82894911090000D+00  0.50005709880000D+00
            0.12102395200000D+00  0.82894911090000D+00  0.83327623460000D+00
            0.88003374410000D+00  0.17174310070000D+00  0.16666666670000D+00
            0.87897604800000D+00  0.17105088910000D+00  0.50005709880000D+00
            0.87897604800000D+00  0.17105088910000D+00  0.83327623460000D+00
            0.17126873940000D+00  0.12113685120000D+00  0.50136281555502D-04
            0.17126873940000D+00  0.12113685120000D+00  0.33328319711844D+00
            0.17150864270000D+00  0.12014108840000D+00  0.66666666670000D+00
            0.82873126060000D+00  0.87886314880000D+00  0.50136281555502D-04
            0.82873126060000D+00  0.87886314880000D+00  0.33328319711844D+00
            0.82849135730000D+00  0.87985891160000D+00  0.66666666670000D+00
            0.34962969340000D+00  0.68424333230000D+00  0.11117685000000D-02
            0.34962969340000D+00  0.68424333230000D+00  0.33222156490000D+00
            0.35013342305000D+00  0.68346191280000D+00  0.66666666670000D+00
            0.65037030660000D+00  0.31575666770000D+00  0.11117685000000D-02
            0.65037030660000D+00  0.31575666770000D+00  0.33222156490000D+00
            0.64986657695000D+00  0.31653808720000D+00  0.66666666670000D+00
            0.31590012030000D+00  0.34868178015000D+00  0.16666666670000D+00
            0.31668751080000D+00  0.34809968065000D+00  0.49933328090000D+00
            0.31668751080000D+00  0.34809968065000D+00  0.83400005250000D+00
            0.68409987970000D+00  0.65131821985000D+00  0.16666666670000D+00
            0.68331248920000D+00  0.65190031935000D+00  0.49933328090000D+00
            0.68331248920000D+00  0.65190031935000D+00  0.83400005250000D+00
            0.58273829190000D+00  0.74007735040000D+00  0.18421773000000D-02
            0.58273829190000D+00  0.74007735040000D+00  0.33149115610000D+00
            0.58381998630000D+00  0.73498215240000D+00  0.66666666670000D+00
            0.41726170810000D+00  0.25992264960000D+00  0.18421773000000D-02
            0.41726170810000D+00  0.25992264960000D+00  0.33149115610000D+00
            0.41618001370000D+00  0.26501784760000D+00  0.66666666670000D+00
            0.26323392960000D+00  0.58192645550000D+00  0.16666666670000D+00
            0.26568950300000D+00  0.58261385330000D+00  0.49861532420000D+00
            0.26568950300000D+00  0.58261385330000D+00  0.83471800920000D+00
            0.73676607040000D+00  0.41807354450000D+00  0.16666666670000D+00
            0.73431049700000D+00  0.41738614670000D+00  0.49861532420000D+00
            0.73431049700000D+00  0.41738614670000D+00  0.83471800920000D+00
            0.25003636060000D+00  0.89181956620000D+00  0.39402460000000D-02
            0.25003636060000D+00  0.89181956620000D+00  0.32939308740000D+00
            0.24388872380000D+00  0.88802027170000D+00  0.66666666670000D+00
            0.74996363940000D+00  0.10818043380000D+00  0.39402460000000D-02
            0.74996363940000D+00  0.10818043380000D+00  0.32939308740000D+00
            0.75611127620000D+00  0.11197972830000D+00  0.66666666670000D+00
            0.10970827500000D+00  0.24677008390000D+00  0.16666666670000D+00
            0.10959657040000D+00  0.24677369710000D+00  0.49929578800000D+00
            0.10959657040000D+00  0.24677369710000D+00  0.83403754540000D+00
            0.89029172500000D+00  0.75322991610000D+00  0.16666666670000D+00
            0.89040342960000D+00  0.75322630290000D+00  0.49929578800000D+00
            0.89040342960000D+00  0.75322630290000D+00  0.83403754540000D+00
     znucl  0.63000000000000D+02  0.38000000000000D+02  0.30000000000000D+01
            0.13000000000000D+02  0.70000000000000D+01  0.80000000000000D+01
      zion  0.17000000000000D+02  0.10000000000000D+02  0.30000000000000D+01
            0.30000000000000D+01  0.50000000000000D+01  0.60000000000000D+01
 
 No information on the potentials yet 
 
 **** Database of total energy derivatives ****
 Number of data blocks=    2
  
 1st derivatives              - # elements :     168
   1   1  0.00000000000000D+00  0.00000000000000D+00
   2   1  0.00000000000000D+00  0.00000000000000D+00
   3   1  0.00000000000000D+00  0.00000000000000D+00
   1   2  0.00000000000000D+00  0.00000000000000D+00
   2   2 -0.31554436208840D-29  0.00000000000000D+00
   3   2 -0.49845956535153D-02  0.00000000000000D+00
   1   3  0.00000000000000D+00  0.00000000000000D+00
   2   3  0.00000000000000D+00  0.00000000000000D+00
   3   3  0.49845956535153D-02  0.00000000000000D+00
   1   4  0.00000000000000D+00  0.00000000000000D+00
   2   4  0.00000000000000D+00  0.00000000000000D+00
   3   4 -0.17238681598244D-02  0.00000000000000D+00
   1   5  0.00000000000000D+00  0.00000000000000D+00
   2   5  0.00000000000000D+00  0.00000000000000D+00
   3   5  0.17238681598244D-02  0.00000000000000D+00
   1   6  0.00000000000000D+00  0.00000000000000D+00
   2   6  0.00000000000000D+00  0.00000000000000D+00
   3   6  0.00000000000000D+00  0.00000000000000D+00
   1   7 -0.22289700799623D-02  0.00000000000000D+00
   2   7  0.36035447846031D-02  0.00000000000000D+00
   3   7  0.00000000000000D+00  0.00000000000000D+00
   1   8 -0.15308227470125D-02  0.00000000000000D+00
   2   8  0.49984034602328D-02  0.00000000000000D+00
   3   8  0.76723272313603D-02  0.00000000000000D+00
   1   9 -0.15308227470125D-02  0.00000000000000D+00
   2   9  0.49984034602328D-02  0.00000000000000D+00
   3   9 -0.76723272313603D-02  0.00000000000000D+00
   1  10  0.22289700799623D-02  0.00000000000000D+00
   2  10 -0.36035447846031D-02  0.00000000000000D+00
   3  10  0.00000000000000D+00  0.00000000000000D+00
   1  11  0.15308227470125D-02  0.00000000000000D+00
   2  11 -0.49984034602328D-02  0.00000000000000D+00
   3  11  0.76723272313603D-02  0.00000000000000D+00
   1  12  0.15308227470125D-02  0.00000000000000D+00
   2  12 -0.49984034602328D-02  0.00000000000000D+00
   3  12 -0.76723272313603D-02  0.00000000000000D+00
   1  13 -0.63425726519646D-02  0.00000000000000D+00
   2  13  0.18634361235809D-02  0.00000000000000D+00
   3  13 -0.55366569250235D-02  0.00000000000000D+00
   1  14 -0.63425726519646D-02  0.00000000000000D+00
   2  14  0.18634361235809D-02  0.00000000000000D+00
   3  14  0.55366569250235D-02  0.00000000000000D+00
   1  15 -0.27112105180558D-02  0.00000000000000D+00
   2  15  0.14031559811306D-02  0.00000000000000D+00
   3  15  0.00000000000000D+00  0.00000000000000D+00
   1  16  0.63425726519646D-02  0.00000000000000D+00
   2  16 -0.18634361235809D-02  0.00000000000000D+00
   3  16 -0.55366569250235D-02  0.00000000000000D+00
   1  17  0.63425726519646D-02  0.00000000000000D+00
   2  17 -0.18634361235809D-02  0.00000000000000D+00
   3  17  0.55366569250235D-02  0.00000000000000D+00
   1  18  0.27112105180558D-02  0.00000000000000D+00
   2  18 -0.14031559811306D-02  0.00000000000000D+00
   3  18  0.00000000000000D+00  0.00000000000000D+00
   1  19  0.35054477693230D-04  0.00000000000000D+00
   2  19  0.64091915602633D-02  0.00000000000000D+00
   3  19 -0.97507892221678D-02  0.00000000000000D+00
   1  20  0.35054477693230D-04  0.00000000000000D+00
   2  20  0.64091915602633D-02  0.00000000000000D+00
   3  20  0.97507892221678D-02  0.00000000000000D+00
   1  21  0.54626422567994D-02  0.00000000000000D+00
   2  21 -0.15220808801984D-02  0.00000000000000D+00
   3  21  0.00000000000000D+00  0.00000000000000D+00
   1  22 -0.35054477693230D-04  0.00000000000000D+00
   2  22 -0.64091915602633D-02  0.00000000000000D+00
   3  22 -0.97507892221678D-02  0.00000000000000D+00
   1  23 -0.35054477693230D-04  0.00000000000000D+00
   2  23 -0.64091915602633D-02  0.00000000000000D+00
   3  23  0.97507892221678D-02  0.00000000000000D+00
   1  24 -0.54626422567994D-02  0.00000000000000D+00
   2  24  0.15220808801984D-02  0.00000000000000D+00
   3  24  0.00000000000000D+00  0.00000000000000D+00
   1  25  0.58210493642187D-02  0.00000000000000D+00
   2  25 -0.34591194398684D-02  0.00000000000000D+00
   3  25  0.00000000000000D+00  0.00000000000000D+00
   1  26  0.18105904280547D-02  0.00000000000000D+00
   2  26  0.73709874014243D-02  0.00000000000000D+00
   3  26 -0.14266177825154D-01  0.00000000000000D+00
   1  27  0.18105904280547D-02  0.00000000000000D+00
   2  27  0.73709874014243D-02  0.00000000000000D+00
   3  27  0.14266177825154D-01  0.00000000000000D+00
   1  28 -0.58210493642187D-02  0.00000000000000D+00
   2  28  0.34591194398684D-02  0.00000000000000D+00
   3  28  0.00000000000000D+00  0.00000000000000D+00
   1  29 -0.18105904280547D-02  0.00000000000000D+00
   2  29 -0.73709874014243D-02  0.00000000000000D+00
   3  29 -0.14266177825154D-01  0.00000000000000D+00
   1  30 -0.18105904280547D-02  0.00000000000000D+00
   2  30 -0.73709874014243D-02  0.00000000000000D+00
   3  30  0.14266177825154D-01  0.00000000000000D+00
   1  31  0.17421795337037D-01  0.00000000000000D+00
   2  31 -0.24062674340526D-02  0.00000000000000D+00
   3  31 -0.53589147486228D-02  0.00000000000000D+00
   1  32  0.17421795337037D-01  0.00000000000000D+00
   2  32 -0.24062674340526D-02  0.00000000000000D+00
   3  32  0.53589147486228D-02  0.00000000000000D+00
   1  33  0.85096901171242D-02  0.00000000000000D+00
   2  33  0.18286937111218D-02  0.00000000000000D+00
   3  33  0.00000000000000D+00  0.00000000000000D+00
   1  34 -0.17421795337037D-01  0.00000000000000D+00
   2  34  0.24062674340526D-02  0.00000000000000D+00
   3  34 -0.53589147486228D-02  0.00000000000000D+00
   1  35 -0.17421795337037D-01  0.00000000000000D+00
   2  35  0.24062674340526D-02  0.00000000000000D+00
   3  35  0.53589147486228D-02  0.00000000000000D+00
   1  36 -0.85096901171242D-02  0.00000000000000D+00
   2  36 -0.18286937111218D-02  0.00000000000000D+00
   3  36  0.00000000000000D+00  0.00000000000000D+00
   1  37 -0.13327280440979D-01  0.00000000000000D+00
   2  37  0.18519360632710D-01  0.00000000000000D+00
   3  37  0.00000000000000D+00  0.00000000000000D+00
   1  38 -0.96888122028598D-02  0.00000000000000D+00
   2  38  0.15664006614159D-01  0.00000000000000D+00
   3  38  0.36279663284723D-02  0.00000000000000D+00
   1  39 -0.96888122028598D-02  0.00000000000000D+00
   2  39  0.15664006614159D-01  0.00000000000000D+00
   3  39 -0.36279663284723D-02  0.00000000000000D+00
   1  40  0.13327280440979D-01  0.00000000000000D+00
   2  40 -0.18519360632710D-01  0.00000000000000D+00
   3  40  0.00000000000000D+00  0.00000000000000D+00
   1  41  0.96888122028598D-02  0.00000000000000D+00
   2  41 -0.15664006614159D-01  0.00000000000000D+00
   3  41  0.36279663284723D-02  0.00000000000000D+00
   1  42  0.96888122028598D-02  0.00000000000000D+00
   2  42 -0.15664006614159D-01  0.00000000000000D+00
   3  42 -0.36279663284723D-02  0.00000000000000D+00
   1  43  0.79631475082865D-02  0.00000000000000D+00
   2  43 -0.14327795851614D-01  0.00000000000000D+00
   3  43  0.65087617446959D-02  0.00000000000000D+00
   1  44  0.79631475082865D-02  0.00000000000000D+00
   2  44 -0.14327795851614D-01  0.00000000000000D+00
   3  44 -0.65087617446959D-02  0.00000000000000D+00
   1  45  0.11518253255941D-01  0.00000000000000D+00
   2  45 -0.55992909723954D-02  0.00000000000000D+00
   3  45  0.00000000000000D+00  0.00000000000000D+00
   1  46 -0.79631475082865D-02  0.00000000000000D+00
   2  46  0.14327795851614D-01  0.00000000000000D+00
   3  46  0.65087617446959D-02  0.00000000000000D+00
   1  47 -0.79631475082865D-02  0.00000000000000D+00
   2  47  0.14327795851614D-01  0.00000000000000D+00
   3  47 -0.65087617446959D-02  0.00000000000000D+00
   1  48 -0.11518253255941D-01  0.00000000000000D+00
   2  48  0.55992909723954D-02  0.00000000000000D+00
   3  48  0.00000000000000D+00  0.00000000000000D+00
   1  49  0.22236296019557D-01  0.00000000000000D+00
   2  49  0.17592513036217D-01  0.00000000000000D+00
   3  49  0.00000000000000D+00  0.00000000000000D+00
   1  50  0.15017952290788D-01  0.00000000000000D+00
   2  50  0.13045759897585D-01  0.00000000000000D+00
   3  50  0.30091147561672D-02  0.00000000000000D+00
   1  51  0.15017952290788D-01  0.00000000000000D+00
   2  51  0.13045759897585D-01  0.00000000000000D+00
   3  51 -0.30091147561672D-02  0.00000000000000D+00
   1  52 -0.22236296019557D-01  0.00000000000000D+00
   2  52 -0.17592513036217D-01  0.00000000000000D+00
   3  52  0.00000000000000D+00  0.00000000000000D+00
   1  53 -0.15017952290788D-01  0.00000000000000D+00
   2  53 -0.13045759897585D-01  0.00000000000000D+00
   3  53  0.30091147561672D-02  0.00000000000000D+00
   1  54 -0.15017952290788D-01  0.00000000000000D+00
   2  54 -0.13045759897585D-01  0.00000000000000D+00
   3  54 -0.30091147561672D-02  0.00000000000000D+00
   1  57  0.22724854610694D-02  0.00000000000000D+00
   2  57  0.22871883445505D-02  0.00000000000000D+00
   3  57  0.23437468028353D-02  0.00000000000000D+00
   1  58  0.00000000000000D+00  0.00000000000000D+00
   2  58  0.00000000000000D+00  0.00000000000000D+00
   3  58 -0.27737646212483D-05  0.00000000000000D+00
  
 Total energy                 - # elements :       1
 -0.68031879363861D+03  0.00000000000000D+00
